/* PL Lab., Dongguk University. 2/10/2000 */
#define NO_RULES 97
#define GOAL_RULE (NO_RULES+1)
#define NO_SYMBOLS 85
#define NO_STATES 153

int leftSymbol[NO_RULES+1] = {
	   66,   65,   81,   81,   54,   54,   57,   58,   45,   47,
	   47,   46,   46,   82,   83,   83,   59,   55,   71,   71,
	   56,   56,   74,   44,   69,   69,   49,   49,   48,   61,
	   61,   62,   62,   50,   50,   72,   72,   73,   73,   80,
	   80,   79,   79,   79,   79,   79,   53,   70,   70,   60,
	   60,   85,   78,   52,   43,   43,   43,   43,   43,   43,
	   43,   64,   64,   63,   63,   51,   51,   51,   77,   77,
	   77,   77,   77,   42,   42,   42,   67,   67,   67,   67,
	   84,   84,   84,   84,   84,   75,   75,   75,   75,   75,
	   68,   68,   40,   41,   41,   76,   76,   76};

int rightLength[NO_RULES+1] = {
	    2,    1,    1,    2,    1,    1,    2,    3,    1,    1,
	    2,    1,    1,    1,    1,    1,    1,    3,    1,    0,
	    1,    3,    2,    4,    1,    0,    1,    2,    3,    1,
	    3,    1,    3,    1,    4,    1,    0,    1,    0,    1,
	    2,    1,    1,    1,    1,    1,    2,    1,    0,    5,
	    7,    5,    3,    1,    1,    3,    3,    3,    3,    3,
	    3,    1,    3,    1,    3,    1,    3,    3,    1,    3,
	    3,    3,    3,    1,    3,    3,    1,    3,    3,    3,
	    1,    2,    2,    2,    2,    1,    4,    4,    2,    2,
	    1,    0,    1,    1,    3,    1,    1,    3};

int parsingTable[NO_STATES][NO_SYMBOLS+1] = {
	{/*** state     0 ***/
	    0,    0,    0,    0,    0,    0,    0,    0,    0,    0,
	    0,    0,    0,    0,    0,    0,    0,    0,    0,    0,
	    0,    0,    0,    0,    0,    0,    0,    0,    0,    0,
	   14,    0,    0,   13,    0,   12,    0,    0,    0,    0,
	    0,    0,    0,    0,    0,   11,   10,    9,    8,    0,
	    0,    0,    0,    0,    7,    0,    0,    6,    5,    0,
	    0,    0,    0,    0,    0,    4,    0,    0,    0,    0,
	    0,    0,    0,    0,    0,    0,    0,    0,    0,    0,
	    0,    3,    2,    1,    0,    0},
	{/*** state     1 ***/
	    0,    0,    0,    0,  -12,    0,    0,    0,    0,    0,
	    0,    0,    0,    0,    0,    0,    0,    0,    0,    0,
	    0,    0,    0,    0,    0,    0,    0,    0,    0,    0,
	  -12,    0,    0,  -12,    0,  -12,    0,    0,    0,    0,
	    0,    0,    0,    0,    0,    0,    0,    0,    0,    0,
	    0,    0,    0,    0,    0,    0,    0,    0,    0,    0,
	    0,    0,    0,    0,    0,    0,    0,    0,    0,    0,
	    0,    0,    0,    0,    0,    0,    0,    0,    0,    0,
	    0,    0,    0,    0,    0,    0},
	{/*** state     2 ***/
	    0,    0,    0,    0,  -11,    0,    0,    0,    0,    0,
	    0,    0,    0,    0,    0,    0,    0,    0,    0,    0,
	    0,    0,    0,    0,    0,    0,    0,    0,    0,    0,
	  -11,    0,    0,  -11,    0,  -11,    0,    0,    0,    0,
	    0,    0,    0,    0,    0,    0,    0,    0,    0,    0,
	    0,    0,    0,    0,    0,    0,    0,    0,    0,    0,
	    0,    0,    0,    0,    0,    0,    0,    0,    0,    0,
	    0,    0,    0,    0,    0,    0,    0,    0,    0,    0,
	    0,    0,    0,    0,    0,    0},
	{/*** state     3 ***/
	    0,    0,    0,    0,    0,    0,    0,    0,    0,    0,
	    0,    0,    0,    0,    0,    0,    0,    0,    0,    0,
	    0,    0,    0,    0,    0,    0,    0,    0,    0,   -1,
	   14,    0,    0,   13,    0,   12,    0,    0,    0,    0,
	    0,    0,    0,    0,    0,   11,   10,    9,    8,    0,
	    0,    0,    0,    0,   15,    0,    0,    6,    5,    0,
	    0,    0,    0,    0,    0,    0,    0,    0,    0,    0,
	    0,    0,    0,    0,    0,    0,    0,    0,    0,    0,
	    0,    0,    2,    1,    0,    0},
	{/*** state     4 ***/
	    0,    0,    0,    0,    0,    0,    0,    0,    0,    0,
	    0,    0,    0,    0,    0,    0,    0,    0,    0,    0,
	    0,    0,    0,    0,    0,    0,    0,    0,    0,   16,
	    0,    0,    0,    0,    0,    0,    0,    0,    0,    0,
	    0,    0,    0,    0,    0,    0,    0,    0,    0,    0,
	    0,    0,    0,    0,    0,    0,    0,    0,    0,    0,
	    0,    0,    0,    0,    0,    0,    0,    0,    0,    0,
	    0,    0,    0,    0,    0,    0,    0,    0,    0,    0,
	    0,    0,    0,    0,    0,    0},
	{/*** state     5 ***/
	    0,    0,    0,    0,    0,    0,    0,    0,    0,    0,
	    0,    0,    0,    0,    0,    0,    0,    0,    0,    0,
	    0,    0,    0,    0,    0,    0,    0,    0,    0,    0,
	    0,    0,    0,    0,    0,    0,    0,   18,    0,    0,
	    0,    0,    0,    0,   17,    0,    0,    0,    0,    0,
	    0,    0,    0,    0,    0,    0,    0,    0,    0,    0,
	    0,    0,    0,    0,    0,    0,    0,    0,    0,    0,
	    0,    0,    0,    0,    0,    0,    0,    0,    0,    0,
	    0,    0,    0,    0,    0,    0},
	{/*** state     6 ***/
	    0,    0,    0,    0,    0,    0,    0,    0,    0,    0,
	    0,    0,    0,    0,    0,    0,    0,    0,    0,    0,
	    0,    0,    0,    0,    0,    0,    0,    0,    0,   -4,
	   -4,    0,    0,   -4,    0,   -4,    0,    0,    0,    0,
	    0,    0,    0,    0,    0,    0,    0,    0,    0,    0,
	    0,    0,    0,    0,    0,    0,    0,    0,    0,    0,
	    0,    0,    0,    0,    0,    0,    0,    0,    0,    0,
	    0,    0,    0,    0,    0,    0,    0,    0,    0,    0,
	    0,    0,    0,    0,    0,    0},
	{/*** state     7 ***/
	    0,    0,    0,    0,    0,    0,    0,    0,    0,    0,
	    0,    0,    0,    0,    0,    0,    0,    0,    0,    0,
	    0,    0,    0,    0,    0,    0,    0,    0,    0,   -2,
	   -2,    0,    0,   -2,    0,   -2,    0,    0,    0,    0,
	    0,    0,    0,    0,    0,    0,    0,    0,    0,    0,
	    0,    0,    0,    0,    0,    0,    0,    0,    0,    0,
	    0,    0,    0,    0,    0,    0,    0,    0,    0,    0,
	    0,    0,    0,    0,    0,    0,    0,    0,    0,    0,
	    0,    0,    0,    0,    0,    0},
	{/*** state     8 ***/
	    0,    0,    0,    0,    0,    0,    0,    0,    0,    0,
	    0,    0,    0,    0,    0,    0,    0,    0,    0,    0,
	    0,    0,    0,    0,    0,    0,    0,    0,    0,   -5,
	   -5,    0,    0,   -5,    0,   -5,    0,    0,    0,    0,
	    0,    0,    0,    0,    0,    0,    0,    0,    0,    0,
	    0,    0,    0,    0,    0,    0,    0,    0,    0,    0,
	    0,    0,    0,    0,    0,    0,    0,    0,    0,    0,
	    0,    0,    0,    0,    0,    0,    0,    0,    0,    0,
	    0,    0,    0,    0,    0,    0},
	{/*** state     9 ***/
	    0,    0,    0,    0,   -8,    0,    0,    0,    0,    0,
	    0,    0,    0,    0,    0,    0,    0,    0,    0,    0,
	    0,    0,    0,    0,    0,    0,    0,    0,    0,    0,
	   14,    0,    0,   13,    0,   12,    0,    0,    0,    0,
	    0,    0,    0,    0,    0,    0,   19,    0,    0,    0,
	    0,    0,    0,    0,    0,    0,    0,    0,    0,    0,
	    0,    0,    0,    0,    0,    0,    0,    0,    0,    0,
	    0,    0,    0,    0,    0,    0,    0,    0,    0,    0,
	    0,    0,    2,    1,    0,    0},
	{/*** state    10 ***/
	    0,    0,    0,    0,   -9,    0,    0,    0,    0,    0,
	    0,    0,    0,    0,    0,    0,    0,    0,    0,    0,
	    0,    0,    0,    0,    0,    0,    0,    0,    0,    0,
	   -9,    0,    0,   -9,    0,   -9,    0,    0,    0,    0,
	    0,    0,    0,    0,    0,    0,    0,    0,    0,    0,
	    0,    0,    0,    0,    0,    0,    0,    0,    0,    0,
	    0,    0,    0,    0,    0,    0,    0,    0,    0,    0,
	    0,    0,    0,    0,    0,    0,    0,    0,    0,    0,
	    0,    0,    0,    0,    0,    0},
	{/*** state    11 ***/
	    0,    0,    0,    0,   24,    0,    0,    0,    0,    0,
	    0,    0,    0,    0,    0,    0,    0,    0,    0,    0,
	    0,    0,    0,    0,    0,    0,    0,    0,    0,    0,
	    0,    0,    0,    0,    0,    0,    0,    0,    0,    0,
	    0,    0,    0,    0,    0,    0,    0,    0,    0,    0,
	   23,    0,    0,    0,    0,    0,    0,    0,    0,   22,
	    0,   21,   20,    0,    0,    0,    0,    0,    0,    0,
	    0,    0,    0,    0,    0,    0,    0,    0,    0,    0,
	    0,    0,    0,    0,    0,    0},
	{/*** state    12 ***/
	    0,    0,    0,    0,  -15,    0,    0,    0,    0,    0,
	    0,    0,    0,    0,    0,    0,    0,    0,    0,    0,
	    0,    0,    0,    0,    0,    0,    0,    0,    0,    0,
	  -15,    0,    0,  -15,    0,  -15,    0,    0,    0,    0,
	    0,    0,    0,    0,    0,    0,    0,    0,    0,    0,
	    0,    0,    0,    0,    0,    0,    0,    0,    0,    0,
	    0,    0,    0,    0,    0,    0,    0,    0,    0,    0,
	    0,    0,    0,    0,    0,    0,    0,    0,    0,    0,
	    0,    0,    0,    0,    0,    0},
	{/*** state    13 ***/
	    0,    0,    0,    0,  -14,    0,    0,    0,    0,    0,
	    0,    0,    0,    0,    0,    0,    0,    0,    0,    0,
	    0,    0,    0,    0,    0,    0,    0,    0,    0,    0,
	  -14,    0,    0,  -14,    0,  -14,    0,    0,    0,    0,
	    0,    0,    0,    0,    0,    0,    0,    0,    0,    0,
	    0,    0,    0,    0,    0,    0,    0,    0,    0,    0,
	    0,    0,    0,    0,    0,    0,    0,    0,    0,    0,
	    0,    0,    0,    0,    0,    0,    0,    0,    0,    0,
	    0,    0,    0,    0,    0,    0},
	{/*** state    14 ***/
	    0,    0,    0,    0,  -13,    0,    0,    0,    0,    0,
	    0,    0,    0,    0,    0,    0,    0,    0,    0,    0,
	    0,    0,    0,    0,    0,    0,    0,    0,    0,    0,
	  -13,    0,    0,  -13,    0,  -13,    0,    0,    0,    0,
	    0,    0,    0,    0,    0,    0,    0,    0,    0,    0,
	    0,    0,    0,    0,    0,    0,    0,    0,    0,    0,
	    0,    0,    0,    0,    0,    0,    0,    0,    0,    0,
	    0,    0,    0,    0,    0,    0,    0,    0,    0,    0,
	    0,    0,    0,    0,    0,    0},
	{/*** state    15 ***/
	    0,    0,    0,    0,    0,    0,    0,    0,    0,    0,
	    0,    0,    0,    0,    0,    0,    0,    0,    0,    0,
	    0,    0,    0,    0,    0,    0,    0,    0,    0,   -3,
	   -3,    0,    0,   -3,    0,   -3,    0,    0,    0,    0,
	    0,    0,    0,    0,    0,    0,    0,    0,    0,    0,
	    0,    0,    0,    0,    0,    0,    0,    0,    0,    0,
	    0,    0,    0,    0,    0,    0,    0,    0,    0,    0,
	    0,    0,    0,    0,    0,    0,    0,    0,    0,    0,
	    0,    0,    0,    0,    0,    0},
	{/*** state    16 ***/
	  -98,  -98,  -98,  -98,  -98,  -98,  -98,  -98,  -98,  -98,
	  -98,  -98,  -98,  -98,  -98,  -98,  -98,  -98,  -98,  -98,
	  -98,  -98,  -98,  -98,  -98,  -98,  -98,  -98,  -98,  -98,
	  -98,  -98,  -98,  -98,  -98,  -98,  -98,  -98,  -98,  -98,
	  -98,  -98,  -98,  -98,  -98,  -98,  -98,  -98,  -98,  -98,
	  -98,  -98,  -98,  -98,  -98,  -98,  -98,  -98,  -98,  -98,
	  -98,  -98,  -98,  -98,  -98,  -98,  -98,  -98,  -98,  -98,
	  -98,  -98,  -98,  -98,  -98,  -98,  -98,  -98,  -98,  -98,
	  -98,  -98,  -98,  -98,  -98,  -98},
	{/*** state    17 ***/
	    0,    0,    0,    0,    0,    0,    0,    0,    0,    0,
	    0,    0,    0,    0,    0,    0,    0,    0,    0,    0,
	    0,    0,    0,    0,    0,    0,    0,    0,    0,   -6,
	   -6,    0,    0,   -6,    0,   -6,    0,    0,    0,    0,
	    0,    0,    0,    0,    0,    0,    0,    0,    0,    0,
	    0,    0,    0,    0,    0,    0,    0,    0,    0,    0,
	    0,    0,    0,    0,    0,    0,    0,    0,    0,    0,
	    0,    0,    0,    0,    0,    0,    0,    0,    0,    0,
	    0,    0,    0,    0,    0,    0},
	{/*** state    18 ***/
	  -25,    0,    0,    0,  -25,  -25,    0,  -25,    0,    0,
	    0,    0,  -25,    0,    0,  -25,  -25,    0,    0,    0,
	  -25,    0,    0,    0,    0,    0,    0,    0,    0,    0,
	   14,    0,  -25,   13,  -25,   12,  -25,  -25,    0,  -25,
	    0,    0,    0,    0,    0,   28,   10,    9,   27,   26,
	    0,    0,    0,    0,    0,    0,    0,    0,    0,    0,
	    0,    0,    0,    0,    0,    0,    0,    0,    0,   25,
	    0,    0,    0,    0,    0,    0,    0,    0,    0,    0,
	    0,    0,    2,    1,    0,    0},
	{/*** state    19 ***/
	    0,    0,    0,    0,  -10,    0,    0,    0,    0,    0,
	    0,    0,    0,    0,    0,    0,    0,    0,    0,    0,
	    0,    0,    0,    0,    0,    0,    0,    0,    0,    0,
	  -10,    0,    0,  -10,    0,  -10,    0,    0,    0,    0,
	    0,    0,    0,    0,    0,    0,    0,    0,    0,    0,
	    0,    0,    0,    0,    0,    0,    0,    0,    0,    0,
	    0,    0,    0,    0,    0,    0,    0,    0,    0,    0,
	    0,    0,    0,    0,    0,    0,    0,    0,    0,    0,
	    0,    0,    0,    0,    0,    0},
	{/*** state    20 ***/
	    0,    0,    0,    0,    0,    0,    0,    0,    0,    0,
	    0,    0,    0,    0,  -29,    0,    0,    0,    0,    0,
	  -29,    0,    0,    0,    0,    0,    0,    0,    0,    0,
	    0,    0,    0,    0,    0,    0,    0,    0,    0,    0,
	    0,    0,    0,    0,    0,    0,    0,    0,    0,    0,
	    0,    0,    0,    0,    0,    0,    0,    0,    0,    0,
	    0,    0,    0,    0,    0,    0,    0,    0,    0,    0,
	    0,    0,    0,    0,    0,    0,    0,    0,    0,    0,
	    0,    0,    0,    0,    0,    0},
	{/*** state    21 ***/
	    0,    0,    0,    0,    0,    0,    0,    0,    0,    0,
	    0,    0,    0,    0,   30,    0,    0,    0,    0,    0,
	   29,    0,    0,    0,    0,    0,    0,    0,    0,    0,
	    0,    0,    0,    0,    0,    0,    0,    0,    0,    0,
	    0,    0,    0,    0,    0,    0,    0,    0,    0,    0,
	    0,    0,    0,    0,    0,    0,    0,    0,    0,    0,
	    0,    0,    0,    0,    0,    0,    0,    0,    0,    0,
	    0,    0,    0,    0,    0,    0,    0,    0,    0,    0,
	    0,    0,    0,    0,    0,    0},
	{/*** state    22 ***/
	    0,    0,    0,    0,    0,    0,    0,   32,    0,    0,
	    0,    0,    0,    0,    0,    0,    0,    0,    0,    0,
	    0,    0,    0,    0,    0,    0,    0,    0,    0,    0,
	    0,    0,    0,    0,    0,    0,    0,    0,    0,    0,
	    0,    0,    0,    0,    0,    0,    0,    0,    0,    0,
	    0,    0,    0,    0,    0,   31,    0,    0,    0,    0,
	    0,    0,    0,    0,    0,    0,    0,    0,    0,    0,
	    0,    0,    0,    0,    0,    0,    0,    0,    0,    0,
	    0,    0,    0,    0,    0,    0},
	{/*** state    23 ***/
	    0,    0,    0,    0,    0,    0,    0,    0,    0,    0,
	    0,    0,    0,    0,  -31,    0,    0,    0,    0,    0,
	  -31,    0,    0,   33,    0,    0,    0,    0,    0,    0,
	    0,    0,    0,    0,    0,    0,    0,    0,    0,    0,
	    0,    0,    0,    0,    0,    0,    0,    0,    0,    0,
	    0,    0,    0,    0,    0,    0,    0,    0,    0,    0,
	    0,    0,    0,    0,    0,    0,    0,    0,    0,    0,
	    0,    0,    0,    0,    0,    0,    0,    0,    0,    0,
	    0,    0,    0,    0,    0,    0},
	{/*** state    24 ***/
	    0,    0,    0,    0,    0,    0,    0,  -16,    0,    0,
	    0,    0,    0,    0,  -33,    0,    0,    0,    0,    0,
	  -33,    0,    0,  -33,    0,    0,    0,   34,    0,    0,
	    0,    0,    0,    0,    0,    0,    0,    0,    0,    0,
	    0,    0,    0,    0,    0,    0,    0,    0,    0,    0,
	    0,    0,    0,    0,    0,    0,    0,    0,    0,    0,
	    0,    0,    0,    0,    0,    0,    0,    0,    0,    0,
	    0,    0,    0,    0,    0,    0,    0,    0,    0,    0,
	    0,    0,    0,    0,    0,    0},
	{/*** state    25 ***/
	   64,    0,    0,    0,   63,   62,    0,   61,    0,    0,
	    0,    0,   60,    0,    0,   59,   58,    0,    0,    0,
	  -48,    0,    0,    0,    0,    0,    0,    0,    0,    0,
	    0,    0,   57,    0,   56,    0,   55,   18,    0,  -38,
	    0,    0,   54,   53,   52,    0,    0,    0,    0,    0,
	    0,   51,   50,   49,    0,    0,    0,    0,    0,    0,
	   48,    0,    0,   47,   46,    0,    0,   45,    0,    0,
	   44,    0,    0,   43,    0,   42,   41,   40,   39,   38,
	   37,    0,    0,    0,   36,   35},
	{/*** state    26 ***/
	  -24,    0,    0,    0,  -24,  -24,    0,  -24,    0,    0,
	    0,    0,  -24,    0,    0,  -24,  -24,    0,    0,    0,
	  -24,    0,    0,    0,    0,    0,    0,    0,    0,    0,
	   14,    0,  -24,   13,  -24,   12,  -24,  -24,    0,  -24,
	    0,    0,    0,    0,    0,   28,   10,    9,   65,    0,
	    0,    0,    0,    0,    0,    0,    0,    0,    0,    0,
	    0,    0,    0,    0,    0,    0,    0,    0,    0,    0,
	    0,    0,    0,    0,    0,    0,    0,    0,    0,    0,
	    0,    0,    2,    1,    0,    0},
	{/*** state    27 ***/
	  -26,    0,    0,    0,  -26,  -26,    0,  -26,    0,    0,
	    0,    0,  -26,    0,    0,  -26,  -26,    0,    0,    0,
	  -26,    0,    0,    0,    0,    0,    0,    0,    0,    0,
	  -26,    0,  -26,  -26,  -26,  -26,  -26,  -26,    0,  -26,
	    0,    0,    0,    0,    0,    0,    0,    0,    0,    0,
	    0,    0,    0,    0,    0,    0,    0,    0,    0,    0,
	    0,    0,    0,    0,    0,    0,    0,    0,    0,    0,
	    0,    0,    0,    0,    0,    0,    0,    0,    0,    0,
	    0,    0,    0,    0,    0,    0},
	{/*** state    28 ***/
	    0,    0,    0,    0,   66,    0,    0,    0,    0,    0,
	    0,    0,    0,    0,    0,    0,    0,    0,    0,    0,
	    0,    0,    0,    0,    0,    0,    0,    0,    0,    0,
	    0,    0,    0,    0,    0,    0,    0,    0,    0,    0,
	    0,    0,    0,    0,    0,    0,    0,    0,    0,    0,
	   23,    0,    0,    0,    0,    0,    0,    0,    0,    0,
	    0,   21,   20,    0,    0,    0,    0,    0,    0,    0,
	    0,    0,    0,    0,    0,    0,    0,    0,    0,    0,
	    0,    0,    0,    0,    0,    0},
	{/*** state    29 ***/
	  -28,    0,    0,    0,  -28,  -28,    0,  -28,    0,    0,
	    0,    0,  -28,    0,    0,  -28,  -28,    0,    0,    0,
	  -28,    0,    0,    0,    0,    0,    0,    0,    0,  -28,
	  -28,    0,  -28,  -28,  -28,  -28,  -28,  -28,    0,  -28,
	    0,    0,    0,    0,    0,    0,    0,    0,    0,    0,
	    0,    0,    0,    0,    0,    0,    0,    0,    0,    0,
	    0,    0,    0,    0,    0,    0,    0,    0,    0,    0,
	    0,    0,    0,    0,    0,    0,    0,    0,    0,    0,
	    0,    0,    0,    0,    0,    0},
	{/*** state    30 ***/
	    0,    0,    0,    0,   66,    0,    0,    0,    0,    0,
	    0,    0,    0,    0,    0,    0,    0,    0,    0,    0,
	    0,    0,    0,    0,    0,    0,    0,    0,    0,    0,
	    0,    0,    0,    0,    0,    0,    0,    0,    0,    0,
	    0,    0,    0,    0,    0,    0,    0,    0,    0,    0,
	   23,    0,    0,    0,    0,    0,    0,    0,    0,    0,
	    0,    0,   67,    0,    0,    0,    0,    0,    0,    0,
	    0,    0,    0,    0,    0,    0,    0,    0,    0,    0,
	    0,    0,    0,    0,    0,    0},
	{/*** state    31 ***/
	    0,    0,    0,    0,    0,    0,    0,    0,    0,    0,
	    0,    0,    0,    0,    0,    0,    0,    0,    0,    0,
	    0,    0,    0,    0,    0,    0,    0,    0,    0,    0,
	    0,    0,    0,    0,    0,    0,    0,   -7,    0,    0,
	    0,    0,    0,    0,    0,    0,    0,    0,    0,    0,
	    0,    0,    0,    0,    0,    0,    0,    0,    0,    0,
	    0,    0,    0,    0,    0,    0,    0,    0,    0,    0,
	    0,    0,    0,    0,    0,    0,    0,    0,    0,    0,
	    0,    0,    0,    0,    0,    0},
	{/*** state    32 ***/
	    0,    0,    0,    0,    0,    0,    0,    0,  -19,    0,
	    0,    0,    0,    0,    0,    0,    0,    0,    0,    0,
	    0,    0,    0,    0,    0,    0,    0,    0,    0,    0,
	   14,    0,    0,   13,    0,   12,    0,    0,    0,    0,
	    0,    0,    0,    0,    0,   71,   10,    9,    0,    0,
	    0,    0,    0,    0,    0,    0,   70,    0,    0,    0,
	    0,    0,    0,    0,    0,    0,    0,    0,    0,    0,
	    0,   69,    0,    0,   68,    0,    0,    0,    0,    0,
	    0,    0,    2,    1,    0,    0},
	{/*** state    33 ***/
	    0,    0,    0,    0,    0,   72,    0,    0,    0,    0,
	    0,    0,    0,    0,    0,    0,    0,    0,    0,    0,
	    0,    0,    0,    0,    0,    0,    0,    0,    0,    0,
	    0,    0,    0,    0,    0,    0,    0,    0,    0,    0,
	    0,    0,    0,    0,    0,    0,    0,    0,    0,    0,
	    0,    0,    0,    0,    0,    0,    0,    0,    0,    0,
	    0,    0,    0,    0,    0,    0,    0,    0,    0,    0,
	    0,    0,    0,    0,    0,    0,    0,    0,    0,    0,
	    0,    0,    0,    0,    0,    0},
	{/*** state    34 ***/
	    0,    0,    0,    0,    0,   74,    0,    0,    0,    0,
	    0,    0,    0,    0,    0,    0,    0,    0,    0,    0,
	    0,    0,    0,    0,    0,    0,    0,    0,  -36,    0,
	    0,    0,    0,    0,    0,    0,    0,    0,    0,    0,
	    0,    0,    0,    0,    0,    0,    0,    0,    0,    0,
	    0,    0,    0,    0,    0,    0,    0,    0,    0,    0,
	    0,    0,    0,    0,    0,    0,    0,    0,    0,    0,
	    0,    0,   73,    0,    0,    0,    0,    0,    0,    0,
	    0,    0,    0,    0,    0,    0},
	{/*** state    35 ***/
	  -44,    0,    0,    0,  -44,  -44,    0,  -44,    0,    0,
	    0,    0,  -44,    0,    0,  -44,  -44,    0,    0,    0,
	  -44,    0,    0,    0,    0,    0,    0,    0,    0,    0,
	    0,  -44,  -44,    0,  -44,    0,  -44,  -44,    0,  -44,
	    0,    0,    0,    0,    0,    0,    0,    0,    0,    0,
	    0,    0,    0,    0,    0,    0,    0,    0,    0,    0,
	    0,    0,    0,    0,    0,    0,    0,    0,    0,    0,
	    0,    0,    0,    0,    0,    0,    0,    0,    0,    0,
	    0,    0,    0,    0,    0,    0},
	{/*** state    36 ***/
	    0,  -76,  -76,   80,    0,    0,  -76,    0,  -76,  -76,
	   79,  -76,    0,   78,  -76,  -76,    0,   77,  -76,   76,
	  -76,  -76,  -76,   75,  -76,  -76,  -76,    0,  -76,    0,
	    0,    0,    0,    0,    0,    0,    0,    0,  -76,    0,
	    0,    0,    0,    0,    0,    0,    0,    0,    0,    0,
	    0,    0,    0,    0,    0,    0,    0,    0,    0,    0,
	    0,    0,    0,    0,    0,    0,    0,    0,    0,    0,
	    0,    0,    0,    0,    0,    0,    0,    0,    0,    0,
	    0,    0,    0,    0,    0,    0},
	{/*** state    37 ***/
	   64,    0,    0,    0,   63,   62,    0,   61,    0,    0,
	    0,    0,   60,    0,    0,   59,   58,    0,    0,    0,
	  -48,    0,    0,    0,    0,    0,    0,    0,    0,    0,
	    0,    0,   57,    0,   56,    0,   55,   18,    0,  -37,
	    0,    0,   54,   53,   52,    0,    0,    0,    0,    0,
	    0,   51,   50,   49,    0,    0,    0,    0,    0,    0,
	   48,    0,    0,   47,   46,    0,    0,   45,    0,    0,
	   44,    0,    0,    0,    0,   42,   41,   40,   39,   81,
	    0,    0,    0,    0,   36,   35},
	{/*** state    38 ***/
	  -39,    0,    0,    0,  -39,  -39,    0,  -39,    0,    0,
	    0,    0,  -39,    0,    0,  -39,  -39,    0,    0,    0,
	  -39,    0,    0,    0,    0,    0,    0,    0,    0,    0,
	    0,    0,  -39,    0,  -39,    0,  -39,  -39,    0,  -39,
	    0,    0,    0,    0,    0,    0,    0,    0,    0,    0,
	    0,    0,    0,    0,    0,    0,    0,    0,    0,    0,
	    0,    0,    0,    0,    0,    0,    0,    0,    0,    0,
	    0,    0,    0,    0,    0,    0,    0,    0,    0,    0,
	    0,    0,    0,    0,    0,    0},
	{/*** state    39 ***/
	  -45,    0,    0,    0,  -45,  -45,    0,  -45,    0,    0,
	    0,    0,  -45,    0,    0,  -45,  -45,    0,    0,    0,
	  -45,    0,    0,    0,    0,    0,    0,    0,    0,    0,
	    0,  -45,  -45,    0,  -45,    0,  -45,  -45,    0,  -45,
	    0,    0,    0,    0,    0,    0,    0,    0,    0,    0,
	    0,    0,    0,    0,    0,    0,    0,    0,    0,    0,
	    0,    0,    0,    0,    0,    0,    0,    0,    0,    0,
	    0,    0,    0,    0,    0,    0,    0,    0,    0,    0,
	    0,    0,    0,    0,    0,    0},
	{/*** state    40 ***/
	    0,  -65,    0,    0,    0,    0,  -65,    0,  -65,    0,
	    0,    0,    0,    0,  -65,    0,    0,    0,    0,    0,
	  -65,   85,   84,    0,  -65,   83,   82,    0,  -65,    0,
	    0,    0,    0,    0,    0,    0,    0,    0,  -65,    0,
	    0,    0,    0,    0,    0,    0,    0,    0,    0,    0,
	    0,    0,    0,    0,    0,    0,    0,    0,    0,    0,
	    0,    0,    0,    0,    0,    0,    0,    0,    0,    0,
	    0,    0,    0,    0,    0,    0,    0,    0,    0,    0,
	    0,    0,    0,    0,    0,    0},
	{/*** state    41 ***/
	    0,  -85,  -85,  -85,    0,    0,  -85,  -85,  -85,  -85,
	  -85,  -85,  -85,  -85,  -85,  -85,  -85,  -85,  -85,  -85,
	  -85,  -85,  -85,  -85,  -85,  -85,  -85,  -85,  -85,    0,
	    0,    0,    0,    0,    0,    0,    0,    0,  -85,    0,
	    0,    0,    0,    0,    0,    0,    0,    0,    0,    0,
	    0,    0,    0,    0,    0,    0,    0,    0,    0,    0,
	    0,    0,    0,    0,    0,    0,    0,    0,    0,    0,
	    0,    0,    0,    0,    0,    0,    0,    0,    0,    0,
	    0,    0,    0,    0,    0,    0},
	{/*** state    42 ***/
	    0,  -80,  -80,  -80,    0,    0,  -80,   89,  -80,  -80,
	  -80,  -80,   88,  -80,  -80,  -80,   87,  -80,  -80,  -80,
	  -80,  -80,  -80,  -80,  -80,  -80,  -80,   86,  -80,    0,
	    0,    0,    0,    0,    0,    0,    0,    0,  -80,    0,
	    0,    0,    0,    0,    0,    0,    0,    0,    0,    0,
	    0,    0,    0,    0,    0,    0,    0,    0,    0,    0,
	    0,    0,    0,    0,    0,    0,    0,    0,    0,    0,
	    0,    0,    0,    0,    0,    0,    0,    0,    0,    0,
	    0,    0,    0,    0,    0,    0},
	{/*** state    43 ***/
	    0,    0,    0,    0,    0,    0,    0,    0,    0,    0,
	    0,    0,    0,    0,    0,    0,    0,    0,    0,    0,
	    0,    0,    0,    0,    0,    0,    0,    0,    0,    0,
	    0,    0,    0,    0,    0,    0,    0,    0,    0,   90,
	    0,    0,    0,    0,    0,    0,    0,    0,    0,    0,
	    0,    0,    0,    0,    0,    0,    0,    0,    0,    0,
	    0,    0,    0,    0,    0,    0,    0,    0,    0,    0,
	    0,    0,    0,    0,    0,    0,    0,    0,    0,    0,
	    0,    0,    0,    0,    0,    0},
	{/*** state    44 ***/
	    0,    0,    0,    0,    0,    0,    0,    0,    0,    0,
	    0,    0,    0,    0,    0,    0,    0,    0,    0,    0,
	   91,    0,    0,    0,    0,    0,    0,    0,    0,    0,
	    0,    0,    0,    0,    0,    0,    0,    0,    0,    0,
	    0,    0,    0,    0,    0,    0,    0,    0,    0,    0,
	    0,    0,    0,    0,    0,    0,    0,    0,    0,    0,
	    0,    0,    0,    0,    0,    0,    0,    0,    0,    0,
	    0,    0,    0,    0,    0,    0,    0,    0,    0,    0,
	    0,    0,    0,    0,    0,    0},
	{/*** state    45 ***/
	    0,  -73,   94,    0,    0,    0,  -73,    0,  -73,   93,
	    0,  -73,    0,    0,  -73,  -73,    0,    0,   92,    0,
	  -73,  -73,  -73,    0,  -73,  -73,  -73,    0,  -73,    0,
	    0,    0,    0,    0,    0,    0,    0,    0,  -73,    0,
	    0,    0,    0,    0,    0,    0,    0,    0,    0,    0,
	    0,    0,    0,    0,    0,    0,    0,    0,    0,    0,
	    0,    0,    0,    0,    0,    0,    0,    0,    0,    0,
	    0,    0,    0,    0,    0,    0,    0,    0,    0,    0,
	    0,    0,    0,    0,    0,    0},
	{/*** state    46 ***/
	    0,    0,    0,    0,    0,    0,    0,    0,  -54,    0,
	    0,    0,    0,    0,  -54,    0,    0,    0,    0,    0,
	  -54,    0,    0,    0,    0,    0,    0,    0,  -54,    0,
	    0,    0,    0,    0,    0,    0,    0,    0,   95,    0,
	    0,    0,    0,    0,    0,    0,    0,    0,    0,    0,
	    0,    0,    0,    0,    0,    0,    0,    0,    0,    0,
	    0,    0,    0,    0,    0,    0,    0,    0,    0,    0,
	    0,    0,    0,    0,    0,    0,    0,    0,    0,    0,
	    0,    0,    0,    0,    0,    0},
	{/*** state    47 ***/
	    0,    0,    0,    0,    0,    0,   96,    0,  -61,    0,
	    0,    0,    0,    0,  -61,    0,    0,    0,    0,    0,
	  -61,    0,    0,    0,    0,    0,    0,    0,  -61,    0,
	    0,    0,    0,    0,    0,    0,    0,    0,  -61,    0,
	    0,    0,    0,    0,    0,    0,    0,    0,    0,    0,
	    0,    0,    0,    0,    0,    0,    0,    0,    0,    0,
	    0,    0,    0,    0,    0,    0,    0,    0,    0,    0,
	    0,    0,    0,    0,    0,    0,    0,    0,    0,    0,
	    0,    0,    0,    0,    0,    0},
	{/*** state    48 ***/
	  -43,    0,    0,    0,  -43,  -43,    0,  -43,    0,    0,
	    0,    0,  -43,    0,    0,  -43,  -43,    0,    0,    0,
	  -43,    0,    0,    0,    0,    0,    0,    0,    0,    0,
	    0,  -43,  -43,    0,  -43,    0,  -43,  -43,    0,  -43,
	    0,    0,    0,    0,    0,    0,    0,    0,    0,    0,
	    0,    0,    0,    0,    0,    0,    0,    0,    0,    0,
	    0,    0,    0,    0,    0,    0,    0,    0,    0,    0,
	    0,    0,    0,    0,    0,    0,    0,    0,    0,    0,
	    0,    0,    0,    0,    0,    0},
	{/*** state    49 ***/
	  -42,    0,    0,    0,  -42,  -42,    0,  -42,    0,    0,
	    0,    0,  -42,    0,    0,  -42,  -42,    0,    0,    0,
	  -42,    0,    0,    0,    0,    0,    0,    0,    0,    0,
	    0,  -42,  -42,    0,  -42,    0,  -42,  -42,    0,  -42,
	    0,    0,    0,    0,    0,    0,    0,    0,    0,    0,
	    0,    0,    0,    0,    0,    0,    0,    0,    0,    0,
	    0,    0,    0,    0,    0,    0,    0,    0,    0,    0,
	    0,    0,    0,    0,    0,    0,    0,    0,    0,    0,
	    0,    0,    0,    0,    0,    0},
	{/*** state    50 ***/
	    0,    0,    0,    0,    0,    0,    0,    0,    0,    0,
	    0,    0,    0,    0,    0,    0,    0,    0,    0,    0,
	  -47,    0,    0,    0,    0,    0,    0,    0,    0,    0,
	    0,    0,    0,    0,    0,    0,    0,    0,    0,    0,
	    0,    0,    0,    0,    0,    0,    0,    0,    0,    0,
	    0,    0,    0,    0,    0,    0,    0,    0,    0,    0,
	    0,    0,    0,    0,    0,    0,    0,    0,    0,    0,
	    0,    0,    0,    0,    0,    0,    0,    0,    0,    0,
	    0,    0,    0,    0,    0,    0},
	{/*** state    51 ***/
	    0,   98,    0,    0,    0,    0,  -63,    0,  -63,    0,
	    0,    0,    0,    0,  -63,    0,    0,    0,    0,    0,
	  -63,    0,    0,    0,   97,    0,    0,    0,  -63,    0,
	    0,    0,    0,    0,    0,    0,    0,    0,  -63,    0,
	    0,    0,    0,    0,    0,    0,    0,    0,    0,    0,
	    0,    0,    0,    0,    0,    0,    0,    0,    0,    0,
	    0,    0,    0,    0,    0,    0,    0,    0,    0,    0,
	    0,    0,    0,    0,    0,    0,    0,    0,    0,    0,
	    0,    0,    0,    0,    0,    0},
	{/*** state    52 ***/
	  -41,    0,    0,    0,  -41,  -41,    0,  -41,    0,    0,
	    0,    0,  -41,    0,    0,  -41,  -41,    0,    0,    0,
	  -41,    0,    0,    0,    0,    0,    0,    0,    0,    0,
	    0,  -41,  -41,    0,  -41,    0,  -41,  -41,    0,  -41,
	    0,    0,    0,    0,    0,    0,    0,    0,    0,    0,
	    0,    0,    0,    0,    0,    0,    0,    0,    0,    0,
	    0,    0,    0,    0,    0,    0,    0,    0,    0,    0,
	    0,    0,    0,    0,    0,    0,    0,    0,    0,    0,
	    0,    0,    0,    0,    0,    0},
	{/*** state    53 ***/
	    0,    0,    0,    0,    0,    0,    0,    0,  -53,    0,
	    0,    0,    0,    0,    0,    0,    0,    0,    0,    0,
	  -53,    0,    0,    0,    0,    0,    0,    0,  -53,    0,
	    0,    0,    0,    0,    0,    0,    0,    0,    0,    0,
	    0,    0,    0,    0,    0,    0,    0,    0,    0,    0,
	    0,    0,    0,    0,    0,    0,    0,    0,    0,    0,
	    0,    0,    0,    0,    0,    0,    0,    0,    0,    0,
	    0,    0,    0,    0,    0,    0,    0,    0,    0,    0,
	    0,    0,    0,    0,    0,    0},
	{/*** state    54 ***/
	    0,  -68,    0,    0,    0,    0,  -68,    0,  -68,    0,
	    0,  100,    0,    0,  -68,   99,    0,    0,    0,    0,
	  -68,  -68,  -68,    0,  -68,  -68,  -68,    0,  -68,    0,
	    0,    0,    0,    0,    0,    0,    0,    0,  -68,    0,
	    0,    0,    0,    0,    0,    0,    0,    0,    0,    0,
	    0,    0,    0,    0,    0,    0,    0,    0,    0,    0,
	    0,    0,    0,    0,    0,    0,    0,    0,    0,    0,
	    0,    0,    0,    0,    0,    0,    0,    0,    0,    0,
	    0,    0,    0,    0,    0,    0},
	{/*** state    55 ***/
	    0,    0,    0,    0,    0,    0,    0,  101,    0,    0,
	    0,    0,    0,    0,    0,    0,    0,    0,    0,    0,
	    0,    0,    0,    0,    0,    0,    0,    0,    0,    0,
	    0,    0,    0,    0,    0,    0,    0,    0,    0,    0,
	    0,    0,    0,    0,    0,    0,    0,    0,    0,    0,
	    0,    0,    0,    0,    0,    0,    0,    0,    0,    0,
	    0,    0,    0,    0,    0,    0,    0,    0,    0,    0,
	    0,    0,    0,    0,    0,    0,    0,    0,    0,    0,
	    0,    0,    0,    0,    0,    0},
	{/*** state    56 ***/
	   64,    0,    0,    0,   63,   62,    0,   61,    0,    0,
	    0,    0,   60,    0,    0,   59,   58,    0,    0,    0,
	  -48,    0,    0,    0,    0,    0,    0,    0,    0,    0,
	    0,    0,    0,    0,    0,    0,    0,    0,    0,    0,
	    0,    0,   54,   53,    0,    0,    0,    0,    0,    0,
	    0,   51,   50,    0,    0,    0,    0,    0,    0,    0,
	    0,    0,    0,   47,   46,    0,    0,   45,    0,    0,
	  102,    0,    0,    0,    0,   42,   41,   40,    0,    0,
	    0,    0,    0,    0,   36,    0},
	{/*** state    57 ***/
	    0,    0,    0,    0,    0,    0,    0,  103,    0,    0,
	    0,    0,    0,    0,    0,    0,    0,    0,    0,    0,
	    0,    0,    0,    0,    0,    0,    0,    0,    0,    0,
	    0,    0,    0,    0,    0,    0,    0,    0,    0,    0,
	    0,    0,    0,    0,    0,    0,    0,    0,    0,    0,
	    0,    0,    0,    0,    0,    0,    0,    0,    0,    0,
	    0,    0,    0,    0,    0,    0,    0,    0,    0,    0,
	    0,    0,    0,    0,    0,    0,    0,    0,    0,    0,
	    0,    0,    0,    0,    0,    0},
	{/*** state    58 ***/
	   64,    0,    0,    0,   63,   62,    0,   61,    0,    0,
	    0,    0,   60,    0,    0,   59,   58,    0,    0,    0,
	    0,    0,    0,    0,    0,    0,    0,    0,    0,    0,
	    0,    0,    0,    0,    0,    0,    0,    0,    0,    0,
	    0,    0,    0,    0,    0,    0,    0,    0,    0,    0,
	    0,    0,    0,    0,    0,    0,    0,    0,    0,    0,
	    0,    0,    0,    0,    0,    0,    0,    0,    0,    0,
	    0,    0,    0,    0,    0,   42,   41,    0,    0,    0,
	    0,    0,    0,    0,  104,    0},
	{/*** state    59 ***/
	   64,    0,    0,    0,   63,   62,    0,   61,    0,    0,
	    0,    0,   60,    0,    0,   59,   58,    0,    0,    0,
	    0,    0,    0,    0,    0,    0,    0,    0,    0,    0,
	    0,    0,    0,    0,    0,    0,    0,    0,    0,    0,
	    0,    0,    0,    0,    0,    0,    0,    0,    0,    0,
	    0,    0,    0,    0,    0,    0,    0,    0,    0,    0,
	    0,    0,    0,    0,    0,    0,    0,    0,    0,    0,
	    0,    0,    0,    0,    0,   42,   41,    0,    0,    0,
	    0,    0,    0,    0,  105,    0},
	{/*** state    60 ***/
	   64,    0,    0,    0,   63,   62,    0,   61,    0,    0,
	    0,    0,   60,    0,    0,   59,   58,    0,    0,    0,
	    0,    0,    0,    0,    0,    0,    0,    0,    0,    0,
	    0,    0,    0,    0,    0,    0,    0,    0,    0,    0,
	    0,    0,    0,    0,    0,    0,    0,    0,    0,    0,
	    0,    0,    0,    0,    0,    0,    0,    0,    0,    0,
	    0,    0,    0,    0,    0,    0,    0,    0,    0,    0,
	    0,    0,    0,    0,    0,   42,   41,    0,    0,    0,
	    0,    0,    0,    0,  106,    0},
	{/*** state    61 ***/
	   64,    0,    0,    0,   63,   62,    0,   61,    0,    0,
	    0,    0,   60,    0,    0,   59,   58,    0,    0,    0,
	    0,    0,    0,    0,    0,    0,    0,    0,    0,    0,
	    0,    0,    0,    0,    0,    0,    0,    0,    0,    0,
	    0,    0,   54,   53,    0,    0,    0,    0,    0,    0,
	    0,   51,  107,    0,    0,    0,    0,    0,    0,    0,
	    0,    0,    0,   47,   46,    0,    0,   45,    0,    0,
	    0,    0,    0,    0,    0,   42,   41,   40,    0,    0,
	    0,    0,    0,    0,   36,    0},
	{/*** state    62 ***/
	    0,  -96,  -96,  -96,    0,    0,  -96,  -96,  -96,  -96,
	  -96,  -96,  -96,  -96,  -96,  -96,  -96,  -96,  -96,  -96,
	  -96,  -96,  -96,  -96,  -96,  -96,  -96,  -96,  -96,    0,
	    0,    0,    0,    0,    0,    0,    0,    0,  -96,    0,
	    0,    0,    0,    0,    0,    0,    0,    0,    0,    0,
	    0,    0,    0,    0,    0,    0,    0,    0,    0,    0,
	    0,    0,    0,    0,    0,    0,    0,    0,    0,    0,
	    0,    0,    0,    0,    0,    0,    0,    0,    0,    0,
	    0,    0,    0,    0,    0,    0},
	{/*** state    63 ***/
	    0,  -95,  -95,  -95,    0,    0,  -95,  -95,  -95,  -95,
	  -95,  -95,  -95,  -95,  -95,  -95,  -95,  -95,  -95,  -95,
	  -95,  -95,  -95,  -95,  -95,  -95,  -95,  -95,  -95,    0,
	    0,    0,    0,    0,    0,    0,    0,    0,  -95,    0,
	    0,    0,    0,    0,    0,    0,    0,    0,    0,    0,
	    0,    0,    0,    0,    0,    0,    0,    0,    0,    0,
	    0,    0,    0,    0,    0,    0,    0,    0,    0,    0,
	    0,    0,    0,    0,    0,    0,    0,    0,    0,    0,
	    0,    0,    0,    0,    0,    0},
	{/*** state    64 ***/
	   64,    0,    0,    0,   63,   62,    0,   61,    0,    0,
	    0,    0,   60,    0,    0,   59,   58,    0,    0,    0,
	    0,    0,    0,    0,    0,    0,    0,    0,    0,    0,
	    0,    0,    0,    0,    0,    0,    0,    0,    0,    0,
	    0,    0,    0,    0,    0,    0,    0,    0,    0,    0,
	    0,    0,    0,    0,    0,    0,    0,    0,    0,    0,
	    0,    0,    0,    0,    0,    0,    0,    0,    0,    0,
	    0,    0,    0,    0,    0,   42,   41,    0,    0,    0,
	    0,    0,    0,    0,  108,    0},
	{/*** state    65 ***/
	  -27,    0,    0,    0,  -27,  -27,    0,  -27,    0,    0,
	    0,    0,  -27,    0,    0,  -27,  -27,    0,    0,    0,
	  -27,    0,    0,    0,    0,    0,    0,    0,    0,    0,
	  -27,    0,  -27,  -27,  -27,  -27,  -27,  -27,    0,  -27,
	    0,    0,    0,    0,    0,    0,    0,    0,    0,    0,
	    0,    0,    0,    0,    0,    0,    0,    0,    0,    0,
	    0,    0,    0,    0,    0,    0,    0,    0,    0,    0,
	    0,    0,    0,    0,    0,    0,    0,    0,    0,    0,
	    0,    0,    0,    0,    0,    0},
	{/*** state    66 ***/
	    0,    0,    0,    0,    0,    0,    0,    0,  -33,    0,
	    0,    0,    0,    0,  -33,    0,    0,    0,    0,    0,
	  -33,    0,    0,  -33,    0,    0,    0,   34,    0,    0,
	    0,    0,    0,    0,    0,    0,    0,    0,    0,    0,
	    0,    0,    0,    0,    0,    0,    0,    0,    0,    0,
	    0,    0,    0,    0,    0,    0,    0,    0,    0,    0,
	    0,    0,    0,    0,    0,    0,    0,    0,    0,    0,
	    0,    0,    0,    0,    0,    0,    0,    0,    0,    0,
	    0,    0,    0,    0,    0,    0},
	{/*** state    67 ***/
	    0,    0,    0,    0,    0,    0,    0,    0,    0,    0,
	    0,    0,    0,    0,  -30,    0,    0,    0,    0,    0,
	  -30,    0,    0,    0,    0,    0,    0,    0,    0,    0,
	    0,    0,    0,    0,    0,    0,    0,    0,    0,    0,
	    0,    0,    0,    0,    0,    0,    0,    0,    0,    0,
	    0,    0,    0,    0,    0,    0,    0,    0,    0,    0,
	    0,    0,    0,    0,    0,    0,    0,    0,    0,    0,
	    0,    0,    0,    0,    0,    0,    0,    0,    0,    0,
	    0,    0,    0,    0,    0,    0},
	{/*** state    68 ***/
	    0,    0,    0,    0,    0,    0,    0,    0,  -20,    0,
	    0,    0,    0,    0,  -20,    0,    0,    0,    0,    0,
	    0,    0,    0,    0,    0,    0,    0,    0,    0,    0,
	    0,    0,    0,    0,    0,    0,    0,    0,    0,    0,
	    0,    0,    0,    0,    0,    0,    0,    0,    0,    0,
	    0,    0,    0,    0,    0,    0,    0,    0,    0,    0,
	    0,    0,    0,    0,    0,    0,    0,    0,    0,    0,
	    0,    0,    0,    0,    0,    0,    0,    0,    0,    0,
	    0,    0,    0,    0,    0,    0},
	{/*** state    69 ***/
	    0,    0,    0,    0,    0,    0,    0,    0,  109,    0,
	    0,    0,    0,    0,    0,    0,    0,    0,    0,    0,
	    0,    0,    0,    0,    0,    0,    0,    0,    0,    0,
	    0,    0,    0,    0,    0,    0,    0,    0,    0,    0,
	    0,    0,    0,    0,    0,    0,    0,    0,    0,    0,
	    0,    0,    0,    0,    0,    0,    0,    0,    0,    0,
	    0,    0,    0,    0,    0,    0,    0,    0,    0,    0,
	    0,    0,    0,    0,    0,    0,    0,    0,    0,    0,
	    0,    0,    0,    0,    0,    0},
	{/*** state    70 ***/
	    0,    0,    0,    0,    0,    0,    0,    0,  -18,    0,
	    0,    0,    0,    0,  110,    0,    0,    0,    0,    0,
	    0,    0,    0,    0,    0,    0,    0,    0,    0,    0,
	    0,    0,    0,    0,    0,    0,    0,    0,    0,    0,
	    0,    0,    0,    0,    0,    0,    0,    0,    0,    0,
	    0,    0,    0,    0,    0,    0,    0,    0,    0,    0,
	    0,    0,    0,    0,    0,    0,    0,    0,    0,    0,
	    0,    0,    0,    0,    0,    0,    0,    0,    0,    0,
	    0,    0,    0,    0,    0,    0},
	{/*** state    71 ***/
	    0,    0,    0,    0,   66,    0,    0,    0,    0,    0,
	    0,    0,    0,    0,    0,    0,    0,    0,    0,    0,
	    0,    0,    0,    0,    0,    0,    0,    0,    0,    0,
	    0,    0,    0,    0,    0,    0,    0,    0,    0,    0,
	    0,    0,    0,    0,    0,    0,    0,    0,    0,    0,
	  111,    0,    0,    0,    0,    0,    0,    0,    0,    0,
	    0,    0,    0,    0,    0,    0,    0,    0,    0,    0,
	    0,    0,    0,    0,    0,    0,    0,    0,    0,    0,
	    0,    0,    0,    0,    0,    0},
	{/*** state    72 ***/
	    0,    0,    0,    0,    0,    0,    0,    0,    0,    0,
	    0,    0,    0,    0,  -32,    0,    0,    0,    0,    0,
	  -32,    0,    0,    0,    0,    0,    0,    0,    0,    0,
	    0,    0,    0,    0,    0,    0,    0,    0,    0,    0,
	    0,    0,    0,    0,    0,    0,    0,    0,    0,    0,
	    0,    0,    0,    0,    0,    0,    0,    0,    0,    0,
	    0,    0,    0,    0,    0,    0,    0,    0,    0,    0,
	    0,    0,    0,    0,    0,    0,    0,    0,    0,    0,
	    0,    0,    0,    0,    0,    0},
	{/*** state    73 ***/
	    0,    0,    0,    0,    0,    0,    0,    0,    0,    0,
	    0,    0,    0,    0,    0,    0,    0,    0,    0,    0,
	    0,    0,    0,    0,    0,    0,    0,    0,  112,    0,
	    0,    0,    0,    0,    0,    0,    0,    0,    0,    0,
	    0,    0,    0,    0,    0,    0,    0,    0,    0,    0,
	    0,    0,    0,    0,    0,    0,    0,    0,    0,    0,
	    0,    0,    0,    0,    0,    0,    0,    0,    0,    0,
	    0,    0,    0,    0,    0,    0,    0,    0,    0,    0,
	    0,    0,    0,    0,    0,    0},
	{/*** state    74 ***/
	    0,    0,    0,    0,    0,    0,    0,    0,    0,    0,
	    0,    0,    0,    0,    0,    0,    0,    0,    0,    0,
	    0,    0,    0,    0,    0,    0,    0,    0,  -35,    0,
	    0,    0,    0,    0,    0,    0,    0,    0,    0,    0,
	    0,    0,    0,    0,    0,    0,    0,    0,    0,    0,
	    0,    0,    0,    0,    0,    0,    0,    0,    0,    0,
	    0,    0,    0,    0,    0,    0,    0,    0,    0,    0,
	    0,    0,    0,    0,    0,    0,    0,    0,    0,    0,
	    0,    0,    0,    0,    0,    0},
	{/*** state    75 ***/
	   64,    0,    0,    0,   63,   62,    0,   61,    0,    0,
	    0,    0,   60,    0,    0,   59,   58,    0,    0,    0,
	    0,    0,    0,    0,    0,    0,    0,    0,    0,    0,
	    0,    0,    0,    0,    0,    0,    0,    0,    0,    0,
	    0,    0,   54,  113,    0,    0,    0,    0,    0,    0,
	    0,   51,    0,    0,    0,    0,    0,    0,    0,    0,
	    0,    0,    0,   47,   46,    0,    0,   45,    0,    0,
	    0,    0,    0,    0,    0,   42,   41,   40,    0,    0,
	    0,    0,    0,    0,   36,    0},
	{/*** state    76 ***/
	   64,    0,    0,    0,   63,   62,    0,   61,    0,    0,
	    0,    0,   60,    0,    0,   59,   58,    0,    0,    0,
	    0,    0,    0,    0,    0,    0,    0,    0,    0,    0,
	    0,    0,    0,    0,    0,    0,    0,    0,    0,    0,
	    0,    0,   54,  114,    0,    0,    0,    0,    0,    0,
	    0,   51,    0,    0,    0,    0,    0,    0,    0,    0,
	    0,    0,    0,   47,   46,    0,    0,   45,    0,    0,
	    0,    0,    0,    0,    0,   42,   41,   40,    0,    0,
	    0,    0,    0,    0,   36,    0},
	{/*** state    77 ***/
	   64,    0,    0,    0,   63,   62,    0,   61,    0,    0,
	    0,    0,   60,    0,    0,   59,   58,    0,    0,    0,
	    0,    0,    0,    0,    0,    0,    0,    0,    0,    0,
	    0,    0,    0,    0,    0,    0,    0,    0,    0,    0,
	    0,    0,   54,  115,    0,    0,    0,    0,    0,    0,
	    0,   51,    0,    0,    0,    0,    0,    0,    0,    0,
	    0,    0,    0,   47,   46,    0,    0,   45,    0,    0,
	    0,    0,    0,    0,    0,   42,   41,   40,    0,    0,
	    0,    0,    0,    0,   36,    0},
	{/*** state    78 ***/
	   64,    0,    0,    0,   63,   62,    0,   61,    0,    0,
	    0,    0,   60,    0,    0,   59,   58,    0,    0,    0,
	    0,    0,    0,    0,    0,    0,    0,    0,    0,    0,
	    0,    0,    0,    0,    0,    0,    0,    0,    0,    0,
	    0,    0,   54,  116,    0,    0,    0,    0,    0,    0,
	    0,   51,    0,    0,    0,    0,    0,    0,    0,    0,
	    0,    0,    0,   47,   46,    0,    0,   45,    0,    0,
	    0,    0,    0,    0,    0,   42,   41,   40,    0,    0,
	    0,    0,    0,    0,   36,    0},
	{/*** state    79 ***/
	   64,    0,    0,    0,   63,   62,    0,   61,    0,    0,
	    0,    0,   60,    0,    0,   59,   58,    0,    0,    0,
	    0,    0,    0,    0,    0,    0,    0,    0,    0,    0,
	    0,    0,    0,    0,    0,    0,    0,    0,    0,    0,
	    0,    0,   54,  117,    0,    0,    0,    0,    0,    0,
	    0,   51,    0,    0,    0,    0,    0,    0,    0,    0,
	    0,    0,    0,   47,   46,    0,    0,   45,    0,    0,
	    0,    0,    0,    0,    0,   42,   41,   40,    0,    0,
	    0,    0,    0,    0,   36,    0},
	{/*** state    80 ***/
	   64,    0,    0,    0,   63,   62,    0,   61,    0,    0,
	    0,    0,   60,    0,    0,   59,   58,    0,    0,    0,
	    0,    0,    0,    0,    0,    0,    0,    0,    0,    0,
	    0,    0,    0,    0,    0,    0,    0,    0,    0,    0,
	    0,    0,   54,  118,    0,    0,    0,    0,    0,    0,
	    0,   51,    0,    0,    0,    0,    0,    0,    0,    0,
	    0,    0,    0,   47,   46,    0,    0,   45,    0,    0,
	    0,    0,    0,    0,    0,   42,   41,   40,    0,    0,
	    0,    0,    0,    0,   36,    0},
	{/*** state    81 ***/
	  -40,    0,    0,    0,  -40,  -40,    0,  -40,    0,    0,
	    0,    0,  -40,    0,    0,  -40,  -40,    0,    0,    0,
	  -40,    0,    0,    0,    0,    0,    0,    0,    0,    0,
	    0,    0,  -40,    0,  -40,    0,  -40,  -40,    0,  -40,
	    0,    0,    0,    0,    0,    0,    0,    0,    0,    0,
	    0,    0,    0,    0,    0,    0,    0,    0,    0,    0,
	    0,    0,    0,    0,    0,    0,    0,    0,    0,    0,
	    0,    0,    0,    0,    0,    0,    0,    0,    0,    0,
	    0,    0,    0,    0,    0,    0},
	{/*** state    82 ***/
	   64,    0,    0,    0,   63,   62,    0,   61,    0,    0,
	    0,    0,   60,    0,    0,   59,   58,    0,    0,    0,
	    0,    0,    0,    0,    0,    0,    0,    0,    0,    0,
	    0,    0,    0,    0,    0,    0,    0,    0,    0,    0,
	    0,    0,  120,    0,    0,    0,    0,    0,    0,    0,
	    0,    0,    0,    0,    0,    0,    0,    0,    0,    0,
	    0,    0,    0,    0,    0,    0,    0,   45,    0,    0,
	    0,    0,    0,    0,    0,   42,   41,    0,    0,    0,
	    0,    0,    0,    0,  119,    0},
	{/*** state    83 ***/
	   64,    0,    0,    0,   63,   62,    0,   61,    0,    0,
	    0,    0,   60,    0,    0,   59,   58,    0,    0,    0,
	    0,    0,    0,    0,    0,    0,    0,    0,    0,    0,
	    0,    0,    0,    0,    0,    0,    0,    0,    0,    0,
	    0,    0,  121,    0,    0,    0,    0,    0,    0,    0,
	    0,    0,    0,    0,    0,    0,    0,    0,    0,    0,
	    0,    0,    0,    0,    0,    0,    0,   45,    0,    0,
	    0,    0,    0,    0,    0,   42,   41,    0,    0,    0,
	    0,    0,    0,    0,  119,    0},
	{/*** state    84 ***/
	   64,    0,    0,    0,   63,   62,    0,   61,    0,    0,
	    0,    0,   60,    0,    0,   59,   58,    0,    0,    0,
	    0,    0,    0,    0,    0,    0,    0,    0,    0,    0,
	    0,    0,    0,    0,    0,    0,    0,    0,    0,    0,
	    0,    0,  122,    0,    0,    0,    0,    0,    0,    0,
	    0,    0,    0,    0,    0,    0,    0,    0,    0,    0,
	    0,    0,    0,    0,    0,    0,    0,   45,    0,    0,
	    0,    0,    0,    0,    0,   42,   41,    0,    0,    0,
	    0,    0,    0,    0,  119,    0},
	{/*** state    85 ***/
	   64,    0,    0,    0,   63,   62,    0,   61,    0,    0,
	    0,    0,   60,    0,    0,   59,   58,    0,    0,    0,
	    0,    0,    0,    0,    0,    0,    0,    0,    0,    0,
	    0,    0,    0,    0,    0,    0,    0,    0,    0,    0,
	    0,    0,  123,    0,    0,    0,    0,    0,    0,    0,
	    0,    0,    0,    0,    0,    0,    0,    0,    0,    0,
	    0,    0,    0,    0,    0,    0,    0,   45,    0,    0,
	    0,    0,    0,    0,    0,   42,   41,    0,    0,    0,
	    0,    0,    0,    0,  119,    0},
	{/*** state    86 ***/
	   64,    0,    0,    0,   63,   62,    0,   61,    0,    0,
	    0,    0,   60,    0,    0,   59,   58,    0,    0,    0,
	    0,    0,    0,    0,    0,    0,    0,    0,    0,    0,
	    0,    0,    0,    0,    0,    0,    0,    0,    0,    0,
	    0,    0,   54,   53,    0,    0,    0,    0,    0,    0,
	    0,   51,  124,    0,    0,    0,    0,    0,    0,    0,
	    0,    0,    0,   47,   46,    0,    0,   45,    0,    0,
	    0,    0,    0,    0,    0,   42,   41,   40,    0,    0,
	    0,    0,    0,    0,   36,    0},
	{/*** state    87 ***/
	    0,  -89,  -89,  -89,    0,    0,  -89,  -89,  -89,  -89,
	  -89,  -89,  -89,  -89,  -89,  -89,  -89,  -89,  -89,  -89,
	  -89,  -89,  -89,  -89,  -89,  -89,  -89,  -89,  -89,    0,
	    0,    0,    0,    0,    0,    0,    0,    0,  -89,    0,
	    0,    0,    0,    0,    0,    0,    0,    0,    0,    0,
	    0,    0,    0,    0,    0,    0,    0,    0,    0,    0,
	    0,    0,    0,    0,    0,    0,    0,    0,    0,    0,
	    0,    0,    0,    0,    0,    0,    0,    0,    0,    0,
	    0,    0,    0,    0,    0,    0},
	{/*** state    88 ***/
	    0,  -88,  -88,  -88,    0,    0,  -88,  -88,  -88,  -88,
	  -88,  -88,  -88,  -88,  -88,  -88,  -88,  -88,  -88,  -88,
	  -88,  -88,  -88,  -88,  -88,  -88,  -88,  -88,  -88,    0,
	    0,    0,    0,    0,    0,    0,    0,    0,  -88,    0,
	    0,    0,    0,    0,    0,    0,    0,    0,    0,    0,
	    0,    0,    0,    0,    0,    0,    0,    0,    0,    0,
	    0,    0,    0,    0,    0,    0,    0,    0,    0,    0,
	    0,    0,    0,    0,    0,    0,    0,    0,    0,    0,
	    0,    0,    0,    0,    0,    0},
	{/*** state    89 ***/
	   64,    0,    0,    0,   63,   62,    0,   61,  -91,    0,
	    0,    0,   60,    0,    0,   59,   58,    0,    0,    0,
	    0,    0,    0,    0,    0,    0,    0,    0,    0,    0,
	    0,    0,    0,    0,    0,    0,    0,    0,    0,    0,
	  128,  127,   54,  126,    0,    0,    0,    0,    0,    0,
	    0,   51,    0,    0,    0,    0,    0,    0,    0,    0,
	    0,    0,    0,   47,   46,    0,    0,   45,  125,    0,
	    0,    0,    0,    0,    0,   42,   41,   40,    0,    0,
	    0,    0,    0,    0,   36,    0},
	{/*** state    90 ***/
	  -23,    0,    0,    0,  -23,  -23,    0,  -23,    0,    0,
	    0,    0,  -23,    0,    0,  -23,  -23,    0,    0,    0,
	  -23,    0,    0,    0,    0,    0,    0,    0,    0,  -23,
	  -23,  -23,  -23,  -23,  -23,  -23,  -23,  -23,    0,  -23,
	    0,    0,    0,    0,    0,    0,    0,    0,    0,    0,
	    0,    0,    0,    0,    0,    0,    0,    0,    0,    0,
	    0,    0,    0,    0,    0,    0,    0,    0,    0,    0,
	    0,    0,    0,    0,    0,    0,    0,    0,    0,    0,
	    0,    0,    0,    0,    0,    0},
	{/*** state    91 ***/
	  -46,    0,    0,    0,  -46,  -46,    0,  -46,    0,    0,
	    0,    0,  -46,    0,    0,  -46,  -46,    0,    0,    0,
	  -46,    0,    0,    0,    0,    0,    0,    0,    0,    0,
	    0,  -46,  -46,    0,  -46,    0,  -46,  -46,    0,  -46,
	    0,    0,    0,    0,    0,    0,    0,    0,    0,    0,
	    0,    0,    0,    0,    0,    0,    0,    0,    0,    0,
	    0,    0,    0,    0,    0,    0,    0,    0,    0,    0,
	    0,    0,    0,    0,    0,    0,    0,    0,    0,    0,
	    0,    0,    0,    0,    0,    0},
	{/*** state    92 ***/
	   64,    0,    0,    0,   63,   62,    0,   61,    0,    0,
	    0,    0,   60,    0,    0,   59,   58,    0,    0,    0,
	    0,    0,    0,    0,    0,    0,    0,    0,    0,    0,
	    0,    0,    0,    0,    0,    0,    0,    0,    0,    0,
	    0,    0,    0,    0,    0,    0,    0,    0,    0,    0,
	    0,    0,    0,    0,    0,    0,    0,    0,    0,    0,
	    0,    0,    0,    0,    0,    0,    0,    0,    0,    0,
	    0,    0,    0,    0,    0,   42,   41,    0,    0,    0,
	    0,    0,    0,    0,  129,    0},
	{/*** state    93 ***/
	   64,    0,    0,    0,   63,   62,    0,   61,    0,    0,
	    0,    0,   60,    0,    0,   59,   58,    0,    0,    0,
	    0,    0,    0,    0,    0,    0,    0,    0,    0,    0,
	    0,    0,    0,    0,    0,    0,    0,    0,    0,    0,
	    0,    0,    0,    0,    0,    0,    0,    0,    0,    0,
	    0,    0,    0,    0,    0,    0,    0,    0,    0,    0,
	    0,    0,    0,    0,    0,    0,    0,    0,    0,    0,
	    0,    0,    0,    0,    0,   42,   41,    0,    0,    0,
	    0,    0,    0,    0,  130,    0},
	{/*** state    94 ***/
	   64,    0,    0,    0,   63,   62,    0,   61,    0,    0,
	    0,    0,   60,    0,    0,   59,   58,    0,    0,    0,
	    0,    0,    0,    0,    0,    0,    0,    0,    0,    0,
	    0,    0,    0,    0,    0,    0,    0,    0,    0,    0,
	    0,    0,    0,    0,    0,    0,    0,    0,    0,    0,
	    0,    0,    0,    0,    0,    0,    0,    0,    0,    0,
	    0,    0,    0,    0,    0,    0,    0,    0,    0,    0,
	    0,    0,    0,    0,    0,   42,   41,    0,    0,    0,
	    0,    0,    0,    0,  131,    0},
	{/*** state    95 ***/
	   64,    0,    0,    0,   63,   62,    0,   61,    0,    0,
	    0,    0,   60,    0,    0,   59,   58,    0,    0,    0,
	    0,    0,    0,    0,    0,    0,    0,    0,    0,    0,
	    0,    0,    0,    0,    0,    0,    0,    0,    0,    0,
	    0,    0,   54,    0,    0,    0,    0,    0,    0,    0,
	    0,   51,    0,    0,    0,    0,    0,    0,    0,    0,
	    0,    0,    0,  132,    0,    0,    0,   45,    0,    0,
	    0,    0,    0,    0,    0,   42,   41,   40,    0,    0,
	    0,    0,    0,    0,  119,    0},
	{/*** state    96 ***/
	   64,    0,    0,    0,   63,   62,    0,   61,    0,    0,
	    0,    0,   60,    0,    0,   59,   58,    0,    0,    0,
	    0,    0,    0,    0,    0,    0,    0,    0,    0,    0,
	    0,    0,    0,    0,    0,    0,    0,    0,    0,    0,
	    0,    0,   54,    0,    0,    0,    0,    0,    0,    0,
	    0,  133,    0,    0,    0,    0,    0,    0,    0,    0,
	    0,    0,    0,    0,    0,    0,    0,   45,    0,    0,
	    0,    0,    0,    0,    0,   42,   41,   40,    0,    0,
	    0,    0,    0,    0,  119,    0},
	{/*** state    97 ***/
	   64,    0,    0,    0,   63,   62,    0,   61,    0,    0,
	    0,    0,   60,    0,    0,   59,   58,    0,    0,    0,
	    0,    0,    0,    0,    0,    0,    0,    0,    0,    0,
	    0,    0,    0,    0,    0,    0,    0,    0,    0,    0,
	    0,    0,   54,    0,    0,    0,    0,    0,    0,    0,
	    0,    0,    0,    0,    0,    0,    0,    0,    0,    0,
	    0,    0,    0,    0,    0,    0,    0,   45,    0,    0,
	    0,    0,    0,    0,    0,   42,   41,  134,    0,    0,
	    0,    0,    0,    0,  119,    0},
	{/*** state    98 ***/
	   64,    0,    0,    0,   63,   62,    0,   61,    0,    0,
	    0,    0,   60,    0,    0,   59,   58,    0,    0,    0,
	    0,    0,    0,    0,    0,    0,    0,    0,    0,    0,
	    0,    0,    0,    0,    0,    0,    0,    0,    0,    0,
	    0,    0,   54,    0,    0,    0,    0,    0,    0,    0,
	    0,    0,    0,    0,    0,    0,    0,    0,    0,    0,
	    0,    0,    0,    0,    0,    0,    0,   45,    0,    0,
	    0,    0,    0,    0,    0,   42,   41,  135,    0,    0,
	    0,    0,    0,    0,  119,    0},
	{/*** state    99 ***/
	   64,    0,    0,    0,   63,   62,    0,   61,    0,    0,
	    0,    0,   60,    0,    0,   59,   58,    0,    0,    0,
	    0,    0,    0,    0,    0,    0,    0,    0,    0,    0,
	    0,    0,    0,    0,    0,    0,    0,    0,    0,    0,
	    0,    0,    0,    0,    0,    0,    0,    0,    0,    0,
	    0,    0,    0,    0,    0,    0,    0,    0,    0,    0,
	    0,    0,    0,    0,    0,    0,    0,  136,    0,    0,
	    0,    0,    0,    0,    0,   42,   41,    0,    0,    0,
	    0,    0,    0,    0,  119,    0},
	{/*** state   100 ***/
	   64,    0,    0,    0,   63,   62,    0,   61,    0,    0,
	    0,    0,   60,    0,    0,   59,   58,    0,    0,    0,
	    0,    0,    0,    0,    0,    0,    0,    0,    0,    0,
	    0,    0,    0,    0,    0,    0,    0,    0,    0,    0,
	    0,    0,    0,    0,    0,    0,    0,    0,    0,    0,
	    0,    0,    0,    0,    0,    0,    0,    0,    0,    0,
	    0,    0,    0,    0,    0,    0,    0,  137,    0,    0,
	    0,    0,    0,    0,    0,   42,   41,    0,    0,    0,
	    0,    0,    0,    0,  119,    0},
	{/*** state   101 ***/
	   64,    0,    0,    0,   63,   62,    0,   61,    0,    0,
	    0,    0,   60,    0,    0,   59,   58,    0,    0,    0,
	    0,    0,    0,    0,    0,    0,    0,    0,    0,    0,
	    0,    0,    0,    0,    0,    0,    0,    0,    0,    0,
	    0,    0,   54,   53,    0,    0,    0,    0,    0,    0,
	    0,   51,  138,    0,    0,    0,    0,    0,    0,    0,
	    0,    0,    0,   47,   46,    0,    0,   45,    0,    0,
	    0,    0,    0,    0,    0,   42,   41,   40,    0,    0,
	    0,    0,    0,    0,   36,    0},
	{/*** state   102 ***/
	    0,    0,    0,    0,    0,    0,    0,    0,    0,    0,
	    0,    0,    0,    0,    0,    0,    0,    0,    0,    0,
	  139,    0,    0,    0,    0,    0,    0,    0,    0,    0,
	    0,    0,    0,    0,    0,    0,    0,    0,    0,    0,
	    0,    0,    0,    0,    0,    0,    0,    0,    0,    0,
	    0,    0,    0,    0,    0,    0,    0,    0,    0,    0,
	    0,    0,    0,    0,    0,    0,    0,    0,    0,    0,
	    0,    0,    0,    0,    0,    0,    0,    0,    0,    0,
	    0,    0,    0,    0,    0,    0},
	{/*** state   103 ***/
	   64,    0,    0,    0,   63,   62,    0,   61,    0,    0,
	    0,    0,   60,    0,    0,   59,   58,    0,    0,    0,
	    0,    0,    0,    0,    0,    0,    0,    0,    0,    0,
	    0,    0,    0,    0,    0,    0,    0,    0,    0,    0,
	    0,    0,   54,   53,    0,    0,    0,    0,    0,    0,
	    0,   51,  140,    0,    0,    0,    0,    0,    0,    0,
	    0,    0,    0,   47,   46,    0,    0,   45,    0,    0,
	    0,    0,    0,    0,    0,   42,   41,   40,    0,    0,
	    0,    0,    0,    0,   36,    0},
	{/*** state   104 ***/
	    0,  -84,  -84,  -84,    0,    0,  -84,    0,  -84,  -84,
	  -84,  -84,    0,  -84,  -84,  -84,    0,  -84,  -84,  -84,
	  -84,  -84,  -84,  -84,  -84,  -84,  -84,    0,  -84,    0,
	    0,    0,    0,    0,    0,    0,    0,    0,  -84,    0,
	    0,    0,    0,    0,    0,    0,    0,    0,    0,    0,
	    0,    0,    0,    0,    0,    0,    0,    0,    0,    0,
	    0,    0,    0,    0,    0,    0,    0,    0,    0,    0,
	    0,    0,    0,    0,    0,    0,    0,    0,    0,    0,
	    0,    0,    0,    0,    0,    0},
	{/*** state   105 ***/
	    0,  -81,  -81,  -81,    0,    0,  -81,    0,  -81,  -81,
	  -81,  -81,    0,  -81,  -81,  -81,    0,  -81,  -81,  -81,
	  -81,  -81,  -81,  -81,  -81,  -81,  -81,    0,  -81,    0,
	    0,    0,    0,    0,    0,    0,    0,    0,  -81,    0,
	    0,    0,    0,    0,    0,    0,    0,    0,    0,    0,
	    0,    0,    0,    0,    0,    0,    0,    0,    0,    0,
	    0,    0,    0,    0,    0,    0,    0,    0,    0,    0,
	    0,    0,    0,    0,    0,    0,    0,    0,    0,    0,
	    0,    0,    0,    0,    0,    0},
	{/*** state   106 ***/
	    0,  -83,  -83,  -83,    0,    0,  -83,    0,  -83,  -83,
	  -83,  -83,    0,  -83,  -83,  -83,    0,  -83,  -83,  -83,
	  -83,  -83,  -83,  -83,  -83,  -83,  -83,    0,  -83,    0,
	    0,    0,    0,    0,    0,    0,    0,    0,  -83,    0,
	    0,    0,    0,    0,    0,    0,    0,    0,    0,    0,
	    0,    0,    0,    0,    0,    0,    0,    0,    0,    0,
	    0,    0,    0,    0,    0,    0,    0,    0,    0,    0,
	    0,    0,    0,    0,    0,    0,    0,    0,    0,    0,
	    0,    0,    0,    0,    0,    0},
	{/*** state   107 ***/
	    0,    0,    0,    0,    0,    0,    0,    0,  141,    0,
	    0,    0,    0,    0,    0,    0,    0,    0,    0,    0,
	    0,    0,    0,    0,    0,    0,    0,    0,    0,    0,
	    0,    0,    0,    0,    0,    0,    0,    0,    0,    0,
	    0,    0,    0,    0,    0,    0,    0,    0,    0,    0,
	    0,    0,    0,    0,    0,    0,    0,    0,    0,    0,
	    0,    0,    0,    0,    0,    0,    0,    0,    0,    0,
	    0,    0,    0,    0,    0,    0,    0,    0,    0,    0,
	    0,    0,    0,    0,    0,    0},
	{/*** state   108 ***/
	    0,  -82,  -82,  -82,    0,    0,  -82,    0,  -82,  -82,
	  -82,  -82,    0,  -82,  -82,  -82,    0,  -82,  -82,  -82,
	  -82,  -82,  -82,  -82,  -82,  -82,  -82,    0,  -82,    0,
	    0,    0,    0,    0,    0,    0,    0,    0,  -82,    0,
	    0,    0,    0,    0,    0,    0,    0,    0,    0,    0,
	    0,    0,    0,    0,    0,    0,    0,    0,    0,    0,
	    0,    0,    0,    0,    0,    0,    0,    0,    0,    0,
	    0,    0,    0,    0,    0,    0,    0,    0,    0,    0,
	    0,    0,    0,    0,    0,    0},
	{/*** state   109 ***/
	    0,    0,    0,    0,    0,    0,    0,    0,    0,    0,
	    0,    0,    0,    0,    0,    0,    0,    0,    0,    0,
	    0,    0,    0,    0,    0,    0,    0,    0,    0,    0,
	    0,    0,    0,    0,    0,    0,    0,  -17,    0,    0,
	    0,    0,    0,    0,    0,    0,    0,    0,    0,    0,
	    0,    0,    0,    0,    0,    0,    0,    0,    0,    0,
	    0,    0,    0,    0,    0,    0,    0,    0,    0,    0,
	    0,    0,    0,    0,    0,    0,    0,    0,    0,    0,
	    0,    0,    0,    0,    0,    0},
	{/*** state   110 ***/
	    0,    0,    0,    0,    0,    0,    0,    0,    0,    0,
	    0,    0,    0,    0,    0,    0,    0,    0,    0,    0,
	    0,    0,    0,    0,    0,    0,    0,    0,    0,    0,
	   14,    0,    0,   13,    0,   12,    0,    0,    0,    0,
	    0,    0,    0,    0,    0,   71,   10,    9,    0,    0,
	    0,    0,    0,    0,    0,    0,    0,    0,    0,    0,
	    0,    0,    0,    0,    0,    0,    0,    0,    0,    0,
	    0,    0,    0,    0,  142,    0,    0,    0,    0,    0,
	    0,    0,    2,    1,    0,    0},
	{/*** state   111 ***/
	    0,    0,    0,    0,    0,    0,    0,    0,  -22,    0,
	    0,    0,    0,    0,  -22,    0,    0,    0,    0,    0,
	    0,    0,    0,    0,    0,    0,    0,    0,    0,    0,
	    0,    0,    0,    0,    0,    0,    0,    0,    0,    0,
	    0,    0,    0,    0,    0,    0,    0,    0,    0,    0,
	    0,    0,    0,    0,    0,    0,    0,    0,    0,    0,
	    0,    0,    0,    0,    0,    0,    0,    0,    0,    0,
	    0,    0,    0,    0,    0,    0,    0,    0,    0,    0,
	    0,    0,    0,    0,    0,    0},
	{/*** state   112 ***/
	    0,    0,    0,    0,    0,    0,    0,    0,  -34,    0,
	    0,    0,    0,    0,  -34,    0,    0,    0,    0,    0,
	  -34,    0,    0,  -34,    0,    0,    0,    0,    0,    0,
	    0,    0,    0,    0,    0,    0,    0,    0,    0,    0,
	    0,    0,    0,    0,    0,    0,    0,    0,    0,    0,
	    0,    0,    0,    0,    0,    0,    0,    0,    0,    0,
	    0,    0,    0,    0,    0,    0,    0,    0,    0,    0,
	    0,    0,    0,    0,    0,    0,    0,    0,    0,    0,
	    0,    0,    0,    0,    0,    0},
	{/*** state   113 ***/
	    0,    0,    0,    0,    0,    0,    0,    0,  -55,    0,
	    0,    0,    0,    0,  -55,    0,    0,    0,    0,    0,
	  -55,    0,    0,    0,    0,    0,    0,    0,  -55,    0,
	    0,    0,    0,    0,    0,    0,    0,    0,    0,    0,
	    0,    0,    0,    0,    0,    0,    0,    0,    0,    0,
	    0,    0,    0,    0,    0,    0,    0,    0,    0,    0,
	    0,    0,    0,    0,    0,    0,    0,    0,    0,    0,
	    0,    0,    0,    0,    0,    0,    0,    0,    0,    0,
	    0,    0,    0,    0,    0,    0},
	{/*** state   114 ***/
	    0,    0,    0,    0,    0,    0,    0,    0,  -59,    0,
	    0,    0,    0,    0,  -59,    0,    0,    0,    0,    0,
	  -59,    0,    0,    0,    0,    0,    0,    0,  -59,    0,
	    0,    0,    0,    0,    0,    0,    0,    0,    0,    0,
	    0,    0,    0,    0,    0,    0,    0,    0,    0,    0,
	    0,    0,    0,    0,    0,    0,    0,    0,    0,    0,
	    0,    0,    0,    0,    0,    0,    0,    0,    0,    0,
	    0,    0,    0,    0,    0,    0,    0,    0,    0,    0,
	    0,    0,    0,    0,    0,    0},
	{/*** state   115 ***/
	    0,    0,    0,    0,    0,    0,    0,    0,  -57,    0,
	    0,    0,    0,    0,  -57,    0,    0,    0,    0,    0,
	  -57,    0,    0,    0,    0,    0,    0,    0,  -57,    0,
	    0,    0,    0,    0,    0,    0,    0,    0,    0,    0,
	    0,    0,    0,    0,    0,    0,    0,    0,    0,    0,
	    0,    0,    0,    0,    0,    0,    0,    0,    0,    0,
	    0,    0,    0,    0,    0,    0,    0,    0,    0,    0,
	    0,    0,    0,    0,    0,    0,    0,    0,    0,    0,
	    0,    0,    0,    0,    0,    0},
	{/*** state   116 ***/
	    0,    0,    0,    0,    0,    0,    0,    0,  -56,    0,
	    0,    0,    0,    0,  -56,    0,    0,    0,    0,    0,
	  -56,    0,    0,    0,    0,    0,    0,    0,  -56,    0,
	    0,    0,    0,    0,    0,    0,    0,    0,    0,    0,
	    0,    0,    0,    0,    0,    0,    0,    0,    0,    0,
	    0,    0,    0,    0,    0,    0,    0,    0,    0,    0,
	    0,    0,    0,    0,    0,    0,    0,    0,    0,    0,
	    0,    0,    0,    0,    0,    0,    0,    0,    0,    0,
	    0,    0,    0,    0,    0,    0},
	{/*** state   117 ***/
	    0,    0,    0,    0,    0,    0,    0,    0,  -58,    0,
	    0,    0,    0,    0,  -58,    0,    0,    0,    0,    0,
	  -58,    0,    0,    0,    0,    0,    0,    0,  -58,    0,
	    0,    0,    0,    0,    0,    0,    0,    0,    0,    0,
	    0,    0,    0,    0,    0,    0,    0,    0,    0,    0,
	    0,    0,    0,    0,    0,    0,    0,    0,    0,    0,
	    0,    0,    0,    0,    0,    0,    0,    0,    0,    0,
	    0,    0,    0,    0,    0,    0,    0,    0,    0,    0,
	    0,    0,    0,    0,    0,    0},
	{/*** state   118 ***/
	    0,    0,    0,    0,    0,    0,    0,    0,  -60,    0,
	    0,    0,    0,    0,  -60,    0,    0,    0,    0,    0,
	  -60,    0,    0,    0,    0,    0,    0,    0,  -60,    0,
	    0,    0,    0,    0,    0,    0,    0,    0,    0,    0,
	    0,    0,    0,    0,    0,    0,    0,    0,    0,    0,
	    0,    0,    0,    0,    0,    0,    0,    0,    0,    0,
	    0,    0,    0,    0,    0,    0,    0,    0,    0,    0,
	    0,    0,    0,    0,    0,    0,    0,    0,    0,    0,
	    0,    0,    0,    0,    0,    0},
	{/*** state   119 ***/
	    0,  -76,  -76,    0,    0,    0,  -76,    0,  -76,  -76,
	    0,  -76,    0,    0,  -76,  -76,    0,    0,  -76,    0,
	  -76,  -76,  -76,    0,  -76,  -76,  -76,    0,  -76,    0,
	    0,    0,    0,    0,    0,    0,    0,    0,  -76,    0,
	    0,    0,    0,    0,    0,    0,    0,    0,    0,    0,
	    0,    0,    0,    0,    0,    0,    0,    0,    0,    0,
	    0,    0,    0,    0,    0,    0,    0,    0,    0,    0,
	    0,    0,    0,    0,    0,    0,    0,    0,    0,    0,
	    0,    0,    0,    0,    0,    0},
	{/*** state   120 ***/
	    0,  -71,    0,    0,    0,    0,  -71,    0,  -71,    0,
	    0,  100,    0,    0,  -71,   99,    0,    0,    0,    0,
	  -71,  -71,  -71,    0,  -71,  -71,  -71,    0,  -71,    0,
	    0,    0,    0,    0,    0,    0,    0,    0,  -71,    0,
	    0,    0,    0,    0,    0,    0,    0,    0,    0,    0,
	    0,    0,    0,    0,    0,    0,    0,    0,    0,    0,
	    0,    0,    0,    0,    0,    0,    0,    0,    0,    0,
	    0,    0,    0,    0,    0,    0,    0,    0,    0,    0,
	    0,    0,    0,    0,    0,    0},
	{/*** state   121 ***/
	    0,  -69,    0,    0,    0,    0,  -69,    0,  -69,    0,
	    0,  100,    0,    0,  -69,   99,    0,    0,    0,    0,
	  -69,  -69,  -69,    0,  -69,  -69,  -69,    0,  -69,    0,
	    0,    0,    0,    0,    0,    0,    0,    0,  -69,    0,
	    0,    0,    0,    0,    0,    0,    0,    0,    0,    0,
	    0,    0,    0,    0,    0,    0,    0,    0,    0,    0,
	    0,    0,    0,    0,    0,    0,    0,    0,    0,    0,
	    0,    0,    0,    0,    0,    0,    0,    0,    0,    0,
	    0,    0,    0,    0,    0,    0},
	{/*** state   122 ***/
	    0,  -72,    0,    0,    0,    0,  -72,    0,  -72,    0,
	    0,  100,    0,    0,  -72,   99,    0,    0,    0,    0,
	  -72,  -72,  -72,    0,  -72,  -72,  -72,    0,  -72,    0,
	    0,    0,    0,    0,    0,    0,    0,    0,  -72,    0,
	    0,    0,    0,    0,    0,    0,    0,    0,    0,    0,
	    0,    0,    0,    0,    0,    0,    0,    0,    0,    0,
	    0,    0,    0,    0,    0,    0,    0,    0,    0,    0,
	    0,    0,    0,    0,    0,    0,    0,    0,    0,    0,
	    0,    0,    0,    0,    0,    0},
	{/*** state   123 ***/
	    0,  -70,    0,    0,    0,    0,  -70,    0,  -70,    0,
	    0,  100,    0,    0,  -70,   99,    0,    0,    0,    0,
	  -70,  -70,  -70,    0,  -70,  -70,  -70,    0,  -70,    0,
	    0,    0,    0,    0,    0,    0,    0,    0,  -70,    0,
	    0,    0,    0,    0,    0,    0,    0,    0,    0,    0,
	    0,    0,    0,    0,    0,    0,    0,    0,    0,    0,
	    0,    0,    0,    0,    0,    0,    0,    0,    0,    0,
	    0,    0,    0,    0,    0,    0,    0,    0,    0,    0,
	    0,    0,    0,    0,    0,    0},
	{/*** state   124 ***/
	    0,    0,    0,    0,    0,    0,    0,    0,    0,    0,
	    0,    0,    0,    0,    0,    0,    0,    0,    0,    0,
	    0,    0,    0,    0,    0,    0,    0,    0,  143,    0,
	    0,    0,    0,    0,    0,    0,    0,    0,    0,    0,
	    0,    0,    0,    0,    0,    0,    0,    0,    0,    0,
	    0,    0,    0,    0,    0,    0,    0,    0,    0,    0,
	    0,    0,    0,    0,    0,    0,    0,    0,    0,    0,
	    0,    0,    0,    0,    0,    0,    0,    0,    0,    0,
	    0,    0,    0,    0,    0,    0},
	{/*** state   125 ***/
	    0,    0,    0,    0,    0,    0,    0,    0,  144,    0,
	    0,    0,    0,    0,    0,    0,    0,    0,    0,    0,
	    0,    0,    0,    0,    0,    0,    0,    0,    0,    0,
	    0,    0,    0,    0,    0,    0,    0,    0,    0,    0,
	    0,    0,    0,    0,    0,    0,    0,    0,    0,    0,
	    0,    0,    0,    0,    0,    0,    0,    0,    0,    0,
	    0,    0,    0,    0,    0,    0,    0,    0,    0,    0,
	    0,    0,    0,    0,    0,    0,    0,    0,    0,    0,
	    0,    0,    0,    0,    0,    0},
	{/*** state   126 ***/
	    0,    0,    0,    0,    0,    0,    0,    0,  -93,    0,
	    0,    0,    0,    0,  -93,    0,    0,    0,    0,    0,
	    0,    0,    0,    0,    0,    0,    0,    0,    0,    0,
	    0,    0,    0,    0,    0,    0,    0,    0,    0,    0,
	    0,    0,    0,    0,    0,    0,    0,    0,    0,    0,
	    0,    0,    0,    0,    0,    0,    0,    0,    0,    0,
	    0,    0,    0,    0,    0,    0,    0,    0,    0,    0,
	    0,    0,    0,    0,    0,    0,    0,    0,    0,    0,
	    0,    0,    0,    0,    0,    0},
	{/*** state   127 ***/
	    0,    0,    0,    0,    0,    0,    0,    0,  -92,    0,
	    0,    0,    0,    0,  145,    0,    0,    0,    0,    0,
	    0,    0,    0,    0,    0,    0,    0,    0,    0,    0,
	    0,    0,    0,    0,    0,    0,    0,    0,    0,    0,
	    0,    0,    0,    0,    0,    0,    0,    0,    0,    0,
	    0,    0,    0,    0,    0,    0,    0,    0,    0,    0,
	    0,    0,    0,    0,    0,    0,    0,    0,    0,    0,
	    0,    0,    0,    0,    0,    0,    0,    0,    0,    0,
	    0,    0,    0,    0,    0,    0},
	{/*** state   128 ***/
	    0,    0,    0,    0,    0,    0,    0,    0,  -90,    0,
	    0,    0,    0,    0,    0,    0,    0,    0,    0,    0,
	    0,    0,    0,    0,    0,    0,    0,    0,    0,    0,
	    0,    0,    0,    0,    0,    0,    0,    0,    0,    0,
	    0,    0,    0,    0,    0,    0,    0,    0,    0,    0,
	    0,    0,    0,    0,    0,    0,    0,    0,    0,    0,
	    0,    0,    0,    0,    0,    0,    0,    0,    0,    0,
	    0,    0,    0,    0,    0,    0,    0,    0,    0,    0,
	    0,    0,    0,    0,    0,    0},
	{/*** state   129 ***/
	    0,  -78,  -78,    0,    0,    0,  -78,    0,  -78,  -78,
	    0,  -78,    0,    0,  -78,  -78,    0,    0,  -78,    0,
	  -78,  -78,  -78,    0,  -78,  -78,  -78,    0,  -78,    0,
	    0,    0,    0,    0,    0,    0,    0,    0,  -78,    0,
	    0,    0,    0,    0,    0,    0,    0,    0,    0,    0,
	    0,    0,    0,    0,    0,    0,    0,    0,    0,    0,
	    0,    0,    0,    0,    0,    0,    0,    0,    0,    0,
	    0,    0,    0,    0,    0,    0,    0,    0,    0,    0,
	    0,    0,    0,    0,    0,    0},
	{/*** state   130 ***/
	    0,  -77,  -77,    0,    0,    0,  -77,    0,  -77,  -77,
	    0,  -77,    0,    0,  -77,  -77,    0,    0,  -77,    0,
	  -77,  -77,  -77,    0,  -77,  -77,  -77,    0,  -77,    0,
	    0,    0,    0,    0,    0,    0,    0,    0,  -77,    0,
	    0,    0,    0,    0,    0,    0,    0,    0,    0,    0,
	    0,    0,    0,    0,    0,    0,    0,    0,    0,    0,
	    0,    0,    0,    0,    0,    0,    0,    0,    0,    0,
	    0,    0,    0,    0,    0,    0,    0,    0,    0,    0,
	    0,    0,    0,    0,    0,    0},
	{/*** state   131 ***/
	    0,  -79,  -79,    0,    0,    0,  -79,    0,  -79,  -79,
	    0,  -79,    0,    0,  -79,  -79,    0,    0,  -79,    0,
	  -79,  -79,  -79,    0,  -79,  -79,  -79,    0,  -79,    0,
	    0,    0,    0,    0,    0,    0,    0,    0,  -79,    0,
	    0,    0,    0,    0,    0,    0,    0,    0,    0,    0,
	    0,    0,    0,    0,    0,    0,    0,    0,    0,    0,
	    0,    0,    0,    0,    0,    0,    0,    0,    0,    0,
	    0,    0,    0,    0,    0,    0,    0,    0,    0,    0,
	    0,    0,    0,    0,    0,    0},
	{/*** state   132 ***/
	    0,    0,    0,    0,    0,    0,   96,    0,  -62,    0,
	    0,    0,    0,    0,  -62,    0,    0,    0,    0,    0,
	  -62,    0,    0,    0,    0,    0,    0,    0,  -62,    0,
	    0,    0,    0,    0,    0,    0,    0,    0,  -62,    0,
	    0,    0,    0,    0,    0,    0,    0,    0,    0,    0,
	    0,    0,    0,    0,    0,    0,    0,    0,    0,    0,
	    0,    0,    0,    0,    0,    0,    0,    0,    0,    0,
	    0,    0,    0,    0,    0,    0,    0,    0,    0,    0,
	    0,    0,    0,    0,    0,    0},
	{/*** state   133 ***/
	    0,   98,    0,    0,    0,    0,  -64,    0,  -64,    0,
	    0,    0,    0,    0,  -64,    0,    0,    0,    0,    0,
	  -64,    0,    0,    0,   97,    0,    0,    0,  -64,    0,
	    0,    0,    0,    0,    0,    0,    0,    0,  -64,    0,
	    0,    0,    0,    0,    0,    0,    0,    0,    0,    0,
	    0,    0,    0,    0,    0,    0,    0,    0,    0,    0,
	    0,    0,    0,    0,    0,    0,    0,    0,    0,    0,
	    0,    0,    0,    0,    0,    0,    0,    0,    0,    0,
	    0,    0,    0,    0,    0,    0},
	{/*** state   134 ***/
	    0,  -66,    0,    0,    0,    0,  -66,    0,  -66,    0,
	    0,    0,    0,    0,  -66,    0,    0,    0,    0,    0,
	  -66,   85,   84,    0,  -66,   83,   82,    0,  -66,    0,
	    0,    0,    0,    0,    0,    0,    0,    0,  -66,    0,
	    0,    0,    0,    0,    0,    0,    0,    0,    0,    0,
	    0,    0,    0,    0,    0,    0,    0,    0,    0,    0,
	    0,    0,    0,    0,    0,    0,    0,    0,    0,    0,
	    0,    0,    0,    0,    0,    0,    0,    0,    0,    0,
	    0,    0,    0,    0,    0,    0},
	{/*** state   135 ***/
	    0,  -67,    0,    0,    0,    0,  -67,    0,  -67,    0,
	    0,    0,    0,    0,  -67,    0,    0,    0,    0,    0,
	  -67,   85,   84,    0,  -67,   83,   82,    0,  -67,    0,
	    0,    0,    0,    0,    0,    0,    0,    0,  -67,    0,
	    0,    0,    0,    0,    0,    0,    0,    0,    0,    0,
	    0,    0,    0,    0,    0,    0,    0,    0,    0,    0,
	    0,    0,    0,    0,    0,    0,    0,    0,    0,    0,
	    0,    0,    0,    0,    0,    0,    0,    0,    0,    0,
	    0,    0,    0,    0,    0,    0},
	{/*** state   136 ***/
	    0,  -75,   94,    0,    0,    0,  -75,    0,  -75,   93,
	    0,  -75,    0,    0,  -75,  -75,    0,    0,   92,    0,
	  -75,  -75,  -75,    0,  -75,  -75,  -75,    0,  -75,    0,
	    0,    0,    0,    0,    0,    0,    0,    0,  -75,    0,
	    0,    0,    0,    0,    0,    0,    0,    0,    0,    0,
	    0,    0,    0,    0,    0,    0,    0,    0,    0,    0,
	    0,    0,    0,    0,    0,    0,    0,    0,    0,    0,
	    0,    0,    0,    0,    0,    0,    0,    0,    0,    0,
	    0,    0,    0,    0,    0,    0},
	{/*** state   137 ***/
	    0,  -74,   94,    0,    0,    0,  -74,    0,  -74,   93,
	    0,  -74,    0,    0,  -74,  -74,    0,    0,   92,    0,
	  -74,  -74,  -74,    0,  -74,  -74,  -74,    0,  -74,    0,
	    0,    0,    0,    0,    0,    0,    0,    0,  -74,    0,
	    0,    0,    0,    0,    0,    0,    0,    0,    0,    0,
	    0,    0,    0,    0,    0,    0,    0,    0,    0,    0,
	    0,    0,    0,    0,    0,    0,    0,    0,    0,    0,
	    0,    0,    0,    0,    0,    0,    0,    0,    0,    0,
	    0,    0,    0,    0,    0,    0},
	{/*** state   138 ***/
	    0,    0,    0,    0,    0,    0,    0,    0,  146,    0,
	    0,    0,    0,    0,    0,    0,    0,    0,    0,    0,
	    0,    0,    0,    0,    0,    0,    0,    0,    0,    0,
	    0,    0,    0,    0,    0,    0,    0,    0,    0,    0,
	    0,    0,    0,    0,    0,    0,    0,    0,    0,    0,
	    0,    0,    0,    0,    0,    0,    0,    0,    0,    0,
	    0,    0,    0,    0,    0,    0,    0,    0,    0,    0,
	    0,    0,    0,    0,    0,    0,    0,    0,    0,    0,
	    0,    0,    0,    0,    0,    0},
	{/*** state   139 ***/
	  -52,    0,    0,    0,  -52,  -52,    0,  -52,    0,    0,
	    0,    0,  -52,    0,    0,  -52,  -52,    0,    0,    0,
	  -52,    0,    0,    0,    0,    0,    0,    0,    0,    0,
	    0,  -52,  -52,    0,  -52,    0,  -52,  -52,    0,  -52,
	    0,    0,    0,    0,    0,    0,    0,    0,    0,    0,
	    0,    0,    0,    0,    0,    0,    0,    0,    0,    0,
	    0,    0,    0,    0,    0,    0,    0,    0,    0,    0,
	    0,    0,    0,    0,    0,    0,    0,    0,    0,    0,
	    0,    0,    0,    0,    0,    0},
	{/*** state   140 ***/
	    0,    0,    0,    0,    0,    0,    0,    0,  147,    0,
	    0,    0,    0,    0,    0,    0,    0,    0,    0,    0,
	    0,    0,    0,    0,    0,    0,    0,    0,    0,    0,
	    0,    0,    0,    0,    0,    0,    0,    0,    0,    0,
	    0,    0,    0,    0,    0,    0,    0,    0,    0,    0,
	    0,    0,    0,    0,    0,    0,    0,    0,    0,    0,
	    0,    0,    0,    0,    0,    0,    0,    0,    0,    0,
	    0,    0,    0,    0,    0,    0,    0,    0,    0,    0,
	    0,    0,    0,    0,    0,    0},
	{/*** state   141 ***/
	    0,  -97,  -97,  -97,    0,    0,  -97,  -97,  -97,  -97,
	  -97,  -97,  -97,  -97,  -97,  -97,  -97,  -97,  -97,  -97,
	  -97,  -97,  -97,  -97,  -97,  -97,  -97,  -97,  -97,    0,
	    0,    0,    0,    0,    0,    0,    0,    0,  -97,    0,
	    0,    0,    0,    0,    0,    0,    0,    0,    0,    0,
	    0,    0,    0,    0,    0,    0,    0,    0,    0,    0,
	    0,    0,    0,    0,    0,    0,    0,    0,    0,    0,
	    0,    0,    0,    0,    0,    0,    0,    0,    0,    0,
	    0,    0,    0,    0,    0,    0},
	{/*** state   142 ***/
	    0,    0,    0,    0,    0,    0,    0,    0,  -21,    0,
	    0,    0,    0,    0,  -21,    0,    0,    0,    0,    0,
	    0,    0,    0,    0,    0,    0,    0,    0,    0,    0,
	    0,    0,    0,    0,    0,    0,    0,    0,    0,    0,
	    0,    0,    0,    0,    0,    0,    0,    0,    0,    0,
	    0,    0,    0,    0,    0,    0,    0,    0,    0,    0,
	    0,    0,    0,    0,    0,    0,    0,    0,    0,    0,
	    0,    0,    0,    0,    0,    0,    0,    0,    0,    0,
	    0,    0,    0,    0,    0,    0},
	{/*** state   143 ***/
	    0,  -86,  -86,  -86,    0,    0,  -86,  -86,  -86,  -86,
	  -86,  -86,  -86,  -86,  -86,  -86,  -86,  -86,  -86,  -86,
	  -86,  -86,  -86,  -86,  -86,  -86,  -86,  -86,  -86,    0,
	    0,    0,    0,    0,    0,    0,    0,    0,  -86,    0,
	    0,    0,    0,    0,    0,    0,    0,    0,    0,    0,
	    0,    0,    0,    0,    0,    0,    0,    0,    0,    0,
	    0,    0,    0,    0,    0,    0,    0,    0,    0,    0,
	    0,    0,    0,    0,    0,    0,    0,    0,    0,    0,
	    0,    0,    0,    0,    0,    0},
	{/*** state   144 ***/
	    0,  -87,  -87,  -87,    0,    0,  -87,  -87,  -87,  -87,
	  -87,  -87,  -87,  -87,  -87,  -87,  -87,  -87,  -87,  -87,
	  -87,  -87,  -87,  -87,  -87,  -87,  -87,  -87,  -87,    0,
	    0,    0,    0,    0,    0,    0,    0,    0,  -87,    0,
	    0,    0,    0,    0,    0,    0,    0,    0,    0,    0,
	    0,    0,    0,    0,    0,    0,    0,    0,    0,    0,
	    0,    0,    0,    0,    0,    0,    0,    0,    0,    0,
	    0,    0,    0,    0,    0,    0,    0,    0,    0,    0,
	    0,    0,    0,    0,    0,    0},
	{/*** state   145 ***/
	   64,    0,    0,    0,   63,   62,    0,   61,    0,    0,
	    0,    0,   60,    0,    0,   59,   58,    0,    0,    0,
	    0,    0,    0,    0,    0,    0,    0,    0,    0,    0,
	    0,    0,    0,    0,    0,    0,    0,    0,    0,    0,
	    0,    0,   54,  148,    0,    0,    0,    0,    0,    0,
	    0,   51,    0,    0,    0,    0,    0,    0,    0,    0,
	    0,    0,    0,   47,   46,    0,    0,   45,    0,    0,
	    0,    0,    0,    0,    0,   42,   41,   40,    0,    0,
	    0,    0,    0,    0,   36,    0},
	{/*** state   146 ***/
	   64,    0,    0,    0,   63,   62,    0,   61,    0,    0,
	    0,    0,   60,    0,    0,   59,   58,    0,    0,    0,
	  -48,    0,    0,    0,    0,    0,    0,    0,    0,    0,
	    0,    0,   57,    0,   56,    0,   55,   18,    0,    0,
	    0,    0,   54,   53,   52,    0,    0,    0,    0,    0,
	    0,   51,   50,   49,    0,    0,    0,    0,    0,    0,
	   48,    0,    0,   47,   46,    0,    0,   45,    0,    0,
	   44,    0,    0,    0,    0,   42,   41,   40,   39,  149,
	    0,    0,    0,    0,   36,   35},
	{/*** state   147 ***/
	   64,    0,    0,    0,   63,   62,    0,   61,    0,    0,
	    0,    0,   60,    0,    0,   59,   58,    0,    0,    0,
	  -48,    0,    0,    0,    0,    0,    0,    0,    0,    0,
	    0,    0,   57,    0,   56,    0,   55,   18,    0,    0,
	    0,    0,   54,   53,   52,    0,    0,    0,    0,    0,
	    0,   51,   50,   49,    0,    0,    0,    0,    0,    0,
	   48,    0,    0,   47,   46,    0,    0,   45,    0,    0,
	   44,    0,    0,    0,    0,   42,   41,   40,   39,  150,
	    0,    0,    0,    0,   36,   35},
	{/*** state   148 ***/
	    0,    0,    0,    0,    0,    0,    0,    0,  -94,    0,
	    0,    0,    0,    0,  -94,    0,    0,    0,    0,    0,
	    0,    0,    0,    0,    0,    0,    0,    0,    0,    0,
	    0,    0,    0,    0,    0,    0,    0,    0,    0,    0,
	    0,    0,    0,    0,    0,    0,    0,    0,    0,    0,
	    0,    0,    0,    0,    0,    0,    0,    0,    0,    0,
	    0,    0,    0,    0,    0,    0,    0,    0,    0,    0,
	    0,    0,    0,    0,    0,    0,    0,    0,    0,    0,
	    0,    0,    0,    0,    0,    0},
	{/*** state   149 ***/
	  -51,    0,    0,    0,  -51,  -51,    0,  -51,    0,    0,
	    0,    0,  -51,    0,    0,  -51,  -51,    0,    0,    0,
	  -51,    0,    0,    0,    0,    0,    0,    0,    0,    0,
	    0,  -51,  -51,    0,  -51,    0,  -51,  -51,    0,  -51,
	    0,    0,    0,    0,    0,    0,    0,    0,    0,    0,
	    0,    0,    0,    0,    0,    0,    0,    0,    0,    0,
	    0,    0,    0,    0,    0,    0,    0,    0,    0,    0,
	    0,    0,    0,    0,    0,    0,    0,    0,    0,    0,
	    0,    0,    0,    0,    0,    0},
	{/*** state   150 ***/
	  -49,    0,    0,    0,  -49,  -49,    0,  -49,    0,    0,
	    0,    0,  -49,    0,    0,  -49,  -49,    0,    0,    0,
	  -49,    0,    0,    0,    0,    0,    0,    0,    0,    0,
	    0,  151,  -49,    0,  -49,    0,  -49,  -49,    0,  -49,
	    0,    0,    0,    0,    0,    0,    0,    0,    0,    0,
	    0,    0,    0,    0,    0,    0,    0,    0,    0,    0,
	    0,    0,    0,    0,    0,    0,    0,    0,    0,    0,
	    0,    0,    0,    0,    0,    0,    0,    0,    0,    0,
	    0,    0,    0,    0,    0,    0},
	{/*** state   151 ***/
	   64,    0,    0,    0,   63,   62,    0,   61,    0,    0,
	    0,    0,   60,    0,    0,   59,   58,    0,    0,    0,
	  -48,    0,    0,    0,    0,    0,    0,    0,    0,    0,
	    0,    0,   57,    0,   56,    0,   55,   18,    0,    0,
	    0,    0,   54,   53,   52,    0,    0,    0,    0,    0,
	    0,   51,   50,   49,    0,    0,    0,    0,    0,    0,
	   48,    0,    0,   47,   46,    0,    0,   45,    0,    0,
	   44,    0,    0,    0,    0,   42,   41,   40,   39,  152,
	    0,    0,    0,    0,   36,   35},
	{/*** state   152 ***/
	  -50,    0,    0,    0,  -50,  -50,    0,  -50,    0,    0,
	    0,    0,  -50,    0,    0,  -50,  -50,    0,    0,    0,
	  -50,    0,    0,    0,    0,    0,    0,    0,    0,    0,
	    0,  -50,  -50,    0,  -50,    0,  -50,  -50,    0,  -50,
	    0,    0,    0,    0,    0,    0,    0,    0,    0,    0,
	    0,    0,    0,    0,    0,    0,    0,    0,    0,    0,
	    0,    0,    0,    0,    0,    0,    0,    0,    0,    0,
	    0,    0,    0,    0,    0,    0,    0,    0,    0,    0,
	    0,    0,    0,    0,    0,    0}};
